1711049885615 -18.59312532129014 0
1711049885655 -18.559847024503622 1
1711049885700 -18.52702631543993 2
1711049885742 -18.494355087170046 3
1711049885779 -18.461311564823973 4
1711049885822 -18.42760473577023 5
1711049885857 -18.3951447826708 6
1711049885896 -18.362148512153485 7
1711049885934 -18.32698401160691 8
1711049885973 -18.29324331191634 9
1711049886014 -18.258456505347002 10
1711049886063 -18.222914825484416 11
1711049886122 -18.1866485484205 12
1711049886170 -18.148919722707607 13
1711049886215 -18.109361152379726 14
1711049886259 -18.07097137231127 15
1711049886317 -18.0307990563436 16
1711049886372 -17.988293274452342 17
1711049886411 -17.94464224199007 18
1711049886452 -17.900709266790003 19
1711049886492 -17.853245071566402 20
1711049886534 -17.807925232558034 21
1711049886582 -17.75932470845623 22
1711049886632 -17.707307415826467 23
1711049886690 -17.655316963722836 24
1711049886743 -17.600034781518577 25
1711049886787 -17.544905459088124 26
1711049886837 -17.489101189444746 27
1711049886886 -17.427672542923816 28
1711049886937 -17.36873827344975 29
1711049886976 -17.30183917148227 30
1711049887019 -17.237883875152555 31
1711049887086 -17.172460762306322 32
1711049887156 -17.101520076912855 33
1711049887198 -17.031259102716874 34
1711049887258 -16.958552186215236 35
1711049887330 -16.881755291964822 36
1711049887393 -16.808036088024586 37
1711049887459 -16.723622075567828 38
1711049887514 -16.6436872109741 39
1711049887580 -16.561323126522783 40
1711049887645 -16.476347664473938 41
1711049887713 -16.388327469295433 42
1711049887785 -16.298623049290484 43
1711049887851 -16.204201834579603 44
1711049887917 -16.108164882709453 45
1711049887982 -16.014168398239654 46
1711049888045 -15.913877954551133 47
1711049888108 -15.810797405701809 48
1711049888173 -15.707218298323532 49
1711049888239 -15.5948750141172 50
1711049888303 -15.48856008351758 51
1711049888364 -15.374070618877948 52
1711049888430 -15.262443477686546 53
1711049888498 -15.142381278785923 54
1711049888556 -15.025556540171998 55
1711049888601 -14.90063723940593 56
1711049888647 -14.781898200840205 57
1711049888712 -14.649017710627735 58
1711049888778 -14.524093415492109 59
1711049888828 -14.396024745040712 60
1711049888878 -14.257835148371198 61
1711049888921 -14.129242244262526 62
1711049888967 -13.987361534990415 63
1711049889008 -13.850831783429411 64
1711049889051 -13.709630109019875 65
1711049889093 -13.562556057711337 66
1711049889133 -13.4227341819701 67
1711049889172 -13.268913912215183 68
1711049889210 -13.12584739989659 69
1711049889262 -12.97283186696732 70
1711049889305 -12.823040130877517 71
1711049889347 -12.66765432465272 72
1711049889385 -12.513139278407515 73
1711049889431 -12.357361855406712 74
1711049889480 -12.206739827944562 75
1711049889522 -12.043247978041482 76
1711049889557 -11.886912993700692 77
1711049889604 -11.730534578082397 78
1711049889652 -11.56964024630027 79
1711049889710 -11.409821830656067 80
1711049889774 -11.251371829242443 81
1711049889841 -11.088184110779851 82
1711049889912 -10.933701541999026 83
1711049889962 -10.773057687845458 84
1711049889998 -10.60796856547563 85
1711049890056 -10.446574207407485 86
1711049890111 -10.291639024422121 87
1711049890147 -10.136665167570552 88
1711049890194 -9.969413777684322 89
1711049890233 -9.81866976027046 90
1711049890269 -9.657181726839394 91
1711049890309 -9.507610053166339 92
1711049890347 -9.351429559240557 93
1711049890391 -9.200509561557823 94
1711049890431 -9.047955821719677 95
1711049890470 -8.900698024185152 96
1711049890512 -8.751687425657513 97
1711049890548 -8.608890315819515 98
1711049890585 -8.46603971331699 99
1711049890629 -8.32153403217456 100
1711049890677 -8.184438293097191 101
1711049890715 -8.042133900201625 102
1711049890751 -7.9061122215117035 103
1711049890794 -7.776119287255925 104
1711049890879 -7.638108314240659 105
1711049890977 -7.513144755703527 106
1711049891024 -7.380630699780349 107
1711049891065 -7.2550625147517955 108
1711049891124 -7.132040061660668 109
1711049891172 -7.005580112965122 110
1711049891241 -6.890457426330413 111
1711049891276 -6.770064589422348 112
1711049891312 -6.655255545121725 113
1711049891350 -6.543630221248842 114
1711049891401 -6.430412052655136 115
1711049891443 -6.32623851825208 116
1711049891490 -6.217897158377121 117
1711049891538 -6.113203796576818 118
1711049891573 -6.015182668028134 119
1711049891611 -5.915162657030269 120
1711049891651 -5.819822864949673 121
1711049891693 -5.7293833217550425 122
1711049891729 -5.640136652641244 123
1711049891771 -5.550923647893495 124
1711049891805 -5.4660385585763835 125
1711049891843 -5.384346641057172 126
1711049891889 -5.305126541709446 127
1711049891932 -5.226653408211734 128
1711049891973 -5.151682414057891 129
1711049892016 -5.080770964565516 130
1711049892056 -5.009096280520991 131
1711049892091 -4.940276207685384 132
1711049892132 -4.87424361504481 133
1711049892168 -4.811502747972593 134
1711049892207 -4.749293356795496 135
1711049892245 -4.69032670372742 136
1711049892284 -4.630258637581168 137
1711049892323 -4.575688894280377 138
1711049892362 -4.52206610424833 139
1711049892414 -4.470663149216034 140
1711049892457 -4.42015522774179 141
1711049892498 -4.373806028205113 142
1711049892537 -4.325234842303659 143
1711049892575 -4.280066899937071 144
1711049892617 -4.23887248585377 145
1711049892656 -4.197577627194502 146
1711049892697 -4.157646980953531 147
1711049892734 -4.117884130775068 148
1711049892775 -4.081197685157972 149
1711049892811 -4.047077906862837 150
1711049892850 -4.011030389591105 151
1711049892891 -3.978469631874386 152
1711049892926 -3.946653974485086 153
1711049892965 -3.915749793197799 154
1711049893011 -3.886684416601482 155
1711049893048 -3.856095987649459 156
1711049893084 -3.8274430443514422 157
1711049893123 -3.8023387443109717 158
1711049893158 -3.7761206216160854 159
1711049893200 -3.7491028732655263 160
1711049893241 -3.726290455761884 161
1711049893278 -3.701359794098602 162
1711049893315 -3.677683908243372 163
1711049893356 -3.6540140654397533 164
1711049893394 -3.6333176769675246 165
1711049893437 -3.610416718044214 166
1711049893474 -3.592014079333489 167
1711049893511 -3.567892800901883 168
1711049893554 -3.549104633273311 169
1711049893593 -3.527507019036328 170
1711049893631 -3.507680571068798 171
1711049893672 -3.4867353611859997 172
1711049893711 -3.4695092279436066 173
1711049893749 -3.4489849778537938 174
1711049893791 -3.4315719426234885 175
1711049893825 -3.411002881155812 176
1711049893862 -3.3919476175161396 177
1711049893901 -3.3747689576027087 178
1711049893943 -3.3554193018602545 179
1711049893985 -3.3392022100726164 180
1711049894024 -3.320129979279419 181
1711049894061 -3.3027052352309196 182
1711049894099 -3.284780442448252 183
1711049894137 -3.2681266579705124 184
1711049894176 -3.25057061520684 185
1711049894213 -3.2334809902405857 186
1711049894249 -3.2157013767219773 187
1711049894291 -3.198388869900505 188
1711049894327 -3.181142911183011 189
1711049894375 -3.1637553410027675 190
1711049894433 -3.1460311245964006 191
1711049894472 -3.1285776435443733 192
1711049894510 -3.1112033482156107 193
1711049894551 -3.0925280444465084 194
1711049894606 -3.0762291818608247 195
1711049894653 -3.057972137327809 196
1711049894689 -3.039920737163441 197
1711049894732 -3.0226783887332545 198
1711049894779 -3.0059436974238327 199
1711049894822 -2.9862756812574123 200
1711049894862 -2.970393457013349 201
1711049894906 -2.9518303412556155 202
1711049894939 -2.9344953979225883 203
1711049894984 -2.9180362501149792 204
1711049895030 -2.89986057282635 205
1711049895066 -2.8815671144694557 206
1711049895109 -2.8637133434008626 207
1711049895157 -2.8464089721089065 208
1711049895209 -2.8283481886449473 209
1711049895245 -2.8108234783410935 210
1711049895283 -2.7928411139292626 211
1711049895328 -2.775159302527749 212
1711049895378 -2.7565954619645754 213
1711049895428 -2.7387897275157465 214
1711049895473 -2.7216636033446595 215
1711049895509 -2.7019108099821874 216
1711049895548 -2.6852993873942617 217
1711049895586 -2.666350818943397 218
1711049895631 -2.648682103310287 219
1711049895679 -2.6300403971642123 220
1711049895724 -2.6122602973831843 221
1711049895764 -2.5938752133603438 222
1711049895810 -2.5757929929026466 223
1711049895849 -2.556178316852792 224
1711049895899 -2.5379236200774433 225
1711049895939 -2.5198215696266413 226
1711049895973 -2.500739314511527 227
1711049896016 -2.4823244573113907 228
1711049896061 -2.4635777257718092 229
1711049896098 -2.444484417460565 230
1711049896169 -2.4251987392637564 231
1711049896213 -2.4071431218213384 232
1711049896268 -2.3875391223921323 233
1711049896321 -2.3692407993835487 234
1711049896364 -2.3497630813428456 235
1711049896420 -2.331310683386941 236
1711049896477 -2.3112231370198177 237
1711049896521 -2.292376984490254 238
1711049896558 -2.272789691362795 239
1711049896599 -2.2542561508689274 240
1711049896648 -2.234137700934949 241
1711049896702 -2.216233062751934 242
1711049896742 -2.1964631035755273 243
1711049896779 -2.1761605546806333 244
1711049896824 -2.1567423319820525 245
1711049896878 -2.136898058923077 246
1711049896917 -2.1177480180371986 247
1711049896957 -2.098072268445345 248
1711049897001 -2.078486173205682 249
1711049897045 -2.058233382731606 250
1711049897098 -2.0388060398268304 251
1711049897136 -2.0187073430725366 252
1711049897175 -1.9992524312943147 253
1711049897223 -1.9788225028935984 254
1711049897269 -1.9601031692553712 255
1711049897316 -1.9408850224304297 256
1711049897357 -1.9200336920096812 257
1711049897400 -1.901558202475004 258
1711049897444 -1.8827173546778107 259
1711049897495 -1.86247843486079 260
1711049897552 -1.8431141445120076 261
1711049897609 -1.8239322539316487 262
1711049897659 -1.8049942167401722 263
1711049897713 -1.7856865324870062 264
1711049897781 -1.7658929897793172 265
1711049897846 -1.7465978308560373 266
1711049897923 -1.727573920673736 267
1711049897969 -1.7081932164683105 268
1711049898017 -1.688853447935978 269
1711049898059 -1.6700296619849615 270
1711049898103 -1.6501537961912347 271
1711049898144 -1.6309462331170526 272
1711049898195 -1.6124090956888222 273
1711049898243 -1.592571008468295 274
1711049898295 -1.573635676327958 275
1711049898336 -1.5553966668952062 276
1711049898375 -1.5349390572203028 277
1711049898421 -1.516577109213638 278
1711049898472 -1.4982910369135118 279
1711049898514 -1.4792088384884559 280
1711049898577 -1.460631928977501 281
1711049898626 -1.4413604464288001 282
1711049898670 -1.4232170957341106 283
1711049898713 -1.404315539034212 284
1711049898752 -1.3863246271006098 285
1711049898800 -1.3678410832133676 286
1711049898849 -1.349444272715865 287
1711049898893 -1.3309773118226094 288
1711049898943 -1.3117445693121197 289
1711049898997 -1.2949722295513095 290
1711049899050 -1.2763059793743188 291
1711049899100 -1.257679827968126 292
1711049899146 -1.2403290292253195 293
1711049899189 -1.2208737158232466 294
1711049899245 -1.2033585937687983 295
1711049899292 -1.1847869783828866 296
1711049899347 -1.1668018246579273 297
1711049899397 -1.1489646274181275 298
1711049899448 -1.1304662201170448 299
1711049899496 -1.1123388563051537 300
1711049899545 -1.094780472803588 301
1711049899598 -1.0765239266164155 302
1711049899649 -1.0585854632245333 303
1711049899706 -1.0407357567710682 304
1711049899751 -1.0239246419758472 305
1711049899804 -1.0055076782250372 306
1711049899857 -0.9875747215234909 307
1711049899906 -0.9701986960134426 308
1711049899950 -0.9530763240693523 309
1711049900003 -0.9364898846777874 310
1711049900050 -0.9189994379191464 311
1711049900097 -0.90091561586474 312
1711049900184 -0.8838836760495856 313
1711049900222 -0.867204203534411 314
1711049900263 -0.8512454686172564 315
1711049900317 -0.8335048800975813 316
1711049900369 -0.8175171370200984 317
1711049900425 -0.800432856155074 318
1711049900482 -0.7843879905850875 319
1711049900531 -0.768532167613682 320
1711049900576 -0.7518040412290672 321
1711049900621 -0.7356003074145323 322
1711049900668 -0.7193342266304859 323
1711049900715 -0.7038138288114164 324
1711049900752 -0.6878729055564416 325
1711049900794 -0.6721935134657702 326
1711049900831 -0.6566971870990108 327
1711049900880 -0.641336582266645 328
1711049900922 -0.6257046207138175 329
1711049900973 -0.610819224585945 330
1711049901014 -0.5949223849243941 331
1711049901057 -0.5809551563697284 332
1711049901104 -0.5654429466088275 333
1711049901146 -0.5508129139690319 334
1711049901189 -0.5361052768372307 335
1711049901232 -0.522075036334865 336
1711049901272 -0.5064007136506441 337
1711049901320 -0.4926606117506451 338
1711049901364 -0.4777846360606943 339
1711049901408 -0.46402747174294867 340
1711049901453 -0.44960087506344903 341
1711049901494 -0.43588423153363776 342
1711049901537 -0.422275663753396 343
1711049901577 -0.4077211210889473 344
1711049901621 -0.39468637655380556 345
1711049901659 -0.3811690690865144 346
1711049901701 -0.3676130400088369 347
1711049901744 -0.35546082078854724 348
1711049901782 -0.3415352314411848 349
1711049901832 -0.32882027078549325 350
1711049901874 -0.31618927364515326 351
1711049901910 -0.3036649636649631 352
1711049901957 -0.29076330523229466 353
1711049901993 -0.278258719489777 354
1711049902039 -0.2661641090710354 355
1711049902078 -0.25435287837268317 356
1711049902120 -0.2421206342446287 357
1711049902160 -0.22959931403963996 358
1711049902199 -0.218076165851383 359
1711049902236 -0.20592358470182104 360
1711049902273 -0.1944080560558903 361
1711049902314 -0.18319517944825003 362
1711049902359 -0.1710764226673549 363
1711049902398 -0.160320195681952 364
1711049902441 -0.1487336280318925 365
1711049902482 -0.1374984774266328 366
1711049902530 -0.1270551752703757 367
1711049902588 -0.1155112562512064 368
1711049902643 -0.10484372536031983 369
1711049902695 -0.09417927450475094 370
1711049902742 -0.08384069027123053 371
1711049902792 -0.07252079749592744 372
1711049902837 -0.06205595446848511 373
1711049902892 -0.051747707930767994 374
1711049902939 -0.04160161566433662 375
1711049902986 -0.03097511434121092 376
1711049903027 -0.021064232422370655 377
1711049903075 -0.010902140122681425 378
1711049903120 -0.0012628441409576752 379
1711049903165 0.009105549754324538 380
1711049903202 0.01825370264665427 381
1711049903240 0.028445113291410085 382
1711049903277 0.037851672106622325 383
1711049903315 0.04726467106699839 384
1711049903358 0.05644929188100001 385
1711049903394 0.06558942186674377 386
1711049903435 0.07520030080524442 387
1711049903485 0.08399975267737658 388
1711049903521 0.09224077094526328 389
1711049903559 0.10120475572065357 390
1711049903601 0.11001505705481196 391
1711049903645 0.11827747358606344 392
1711049903690 0.12662945716466412 393
1711049903735 0.13498539968681866 394
1711049903774 0.14304053346662204 395
1711049903818 0.15093743006286597 396
1711049903853 0.15900781819881948 397
1711049903893 0.16685015416635218 398
1711049903933 0.17467567458793443 399
1711049903977 0.18217268268456255 400
1711049904021 0.19013299241580572 401
1711049904055 0.19766829913076756 402
1711049904096 0.2047931838775091 403
1711049904141 0.21238153653906022 404
1711049904189 0.21976377052032925 405
1711049904227 0.22704849638049296 406
1711049904278 0.2344017965518561 407
1711049904321 0.24121393027277382 408
1711049904356 0.24847088079314128 409
1711049904396 0.25550072107463695 410
1711049904434 0.2623216376862091 411
1711049904479 0.26868613464866176 412
1711049904519 0.27492675584455895 413
1711049904559 0.2818372790886521 414
1711049904602 0.2880959028170321 415
1711049904641 0.2940929964766379 416
1711049904680 0.3000075818877961 417
1711049904744 0.306415291164152 418
1711049904810 0.3120063005793482 419
1711049904874 0.31844656133999794 420
1711049904935 0.3237338760040369 421
1711049904988 0.3295162945890586 422
1711049905032 0.33546508455928215 423
1711049905092 0.340991602319502 424
1711049905129 0.34654421923274115 425
1711049905168 0.3519997303687449 426
1711049905214 0.3575828639986972 427
1711049905251 0.3628641781359888 428
1711049905294 0.36809488481711705 429
1711049905331 0.37329103609325254 430
1711049905371 0.3784187729850884 431
1711049905412 0.3835195625520774 432
1711049905457 0.3885649614470067 433
1711049905500 0.3935645104659592 434
1711049905540 0.39817422350698606 435
1711049905582 0.40330670777342037 436
1711049905625 0.4077105733589146 437
1711049905689 0.41280874719618743 438
1711049905726 0.41705378625251976 439
1711049905768 0.4219182331110348 440
1711049905804 0.42629884490627346 441
1711049905847 0.43054716970326967 442
1711049905894 0.43498178540734034 443
1711049905931 0.4394944784635928 444
1711049905973 0.4436149648864628 445
1711049906010 0.4477023133721051 446
1711049906057 0.45220981836264584 447
1711049906100 0.4562587468158553 448
1711049906155 0.4606759360717527 449
1711049906197 0.4644189345714126 450
1711049906238 0.46848484573475024 451
1711049906280 0.4727748025466527 452
1711049906324 0.4767612799814509 453
1711049906371 0.4807191432995497 454
1711049906416 0.4843589357936897 455
1711049906470 0.4884906080128739 456
1711049906508 0.49252956413826443 457
1711049906547 0.49606057585914554 458
1711049906593 0.4995558048000843 459
1711049906640 0.503465056985835 460
1711049906684 0.5069869339794375 461
1711049906721 0.5105030618764785 462
1711049906769 0.5141356294830552 463
1711049906805 0.5175291152638449 464
1711049906848 0.5211536540781169 465
1711049906889 0.5245913835431817 466
1711049906934 0.5278589075699612 467
1711049906979 0.5313548533058834 468
1711049907034 0.5346071458158359 469
1711049907079 0.5378319582055069 470
1711049907121 0.5414217033350492 471
1711049907158 0.5446242643102881 472
1711049907204 0.5479196588351934 473
1711049907242 0.5509799327569731 474
1711049907283 0.5541645755999542 475
1711049907326 0.5572139945807753 476
1711049907363 0.560420218701511 477
1711049907403 0.5635863198459934 478
1711049907441 0.5667002833362442 479
1711049907486 0.5695669562604362 480
1711049907525 0.5725861229768752 481
1711049907568 0.575598009110996 482
1711049907606 0.5780557621688438 483
1711049907646 0.5812097176489341 484
1711049907691 0.5841856264745853 485
1711049907733 0.5867967913297971 486
1711049907772 0.5897640410457534 487
1711049907813 0.5927009676107242 488
1711049907850 0.5952131382430875 489
1711049907891 0.5978988343790307 490
1711049907941 0.6007390586710916 491
1711049907984 0.6034413261074238 492
1711049908023 0.6060710803368914 493
1711049908066 0.6086968086374812 494
1711049908105 0.6111039462979271 495
1711049908147 0.6136338828022387 496
1711049908187 0.6161902323742875 497
1711049908228 0.6187423195648908 498
1711049908266 0.6211159755090516 499
