1711049885586 4635.853271484375 0
1711049885640 4556.37109375 1
1711049885678 4561.440673828125 2
1711049885725 4520.96240234375 3
1711049885764 4505.44482421875 4
1711049885803 4694.6494140625 5
1711049885843 4623.64501953125 6
1711049885880 4509.02099609375 7
1711049885918 4720.435546875 8
1711049885958 4684.956787109375 9
1711049885997 4594.986572265625 10
1711049886046 4528.81591796875 11
1711049886096 4461.039306640625 12
1711049886155 4425.2861328125 13
1711049886195 4616.7001953125 14
1711049886243 4438.828369140625 15
1711049886291 4431.537109375 16
1711049886350 4388.921630859375 17
1711049886395 4393.399658203125 18
1711049886435 4387.0 19
1711049886473 4505.79248046875 20
1711049886516 4488.6181640625 21
1711049886563 4296.3486328125 22
1711049886612 4382.967529296875 23
1711049886659 4269.20068359375 24
1711049886721 4446.45751953125 25
1711049886770 4405.1728515625 26
1711049886814 4377.9287109375 27
1711049886864 4431.71533203125 28
1711049886920 4278.6123046875 29
1711049886959 4376.629150390625 30
1711049886997 4283.57666015625 31
1711049887058 4312.375244140625 32
1711049887124 4320.421630859375 33
1711049887181 4254.9912109375 34
1711049887231 4200.5987548828125 35
1711049887296 4273.292236328125 36
1711049887364 4055.7083740234375 37
1711049887430 4299.69921875 38
1711049887487 4221.4326171875 39
1711049887552 4238.1552734375 40
1711049887617 4073.470458984375 41
1711049887684 4168.7421875 42
1711049887749 4044.3167724609375 43
1711049887821 4128.942626953125 44
1711049887890 4179.318603515625 45
1711049887954 4111.28515625 46
1711049888017 3944.6448974609375 47
1711049888080 4033.947265625 48
1711049888146 4020.0054931640625 49
1711049888211 3997.91259765625 50
1711049888275 3943.860595703125 51
1711049888339 3864.5758056640625 52
1711049888400 3829.6767578125 53
1711049888467 3830.8900146484375 54
1711049888534 3809.500244140625 55
1711049888580 3710.463623046875 56
1711049888624 3682.3076171875 57
1711049888684 3740.1009521484375 58
1711049888748 3537.802001953125 59
1711049888810 3611.13671875 60
1711049888860 3621.1243896484375 61
1711049888900 3533.0062255859375 62
1711049888946 3518.2906494140625 63
1711049888993 3501.7025146484375 64
1711049889034 3484.9808349609375 65
1711049889076 3494.3787841796875 66
1711049889119 3409.74462890625 67
1711049889157 3380.975830078125 68
1711049889193 3319.5628662109375 69
1711049889235 3314.778564453125 70
1711049889290 3284.8802490234375 71
1711049889330 3215.161865234375 72
1711049889372 3152.97216796875 73
1711049889412 3110.4197998046875 74
1711049889456 3146.57470703125 75
1711049889505 3045.8609619140625 76
1711049889542 3031.8280029296875 77
1711049889582 3006.879150390625 78
1711049889628 2936.4205322265625 79
1711049889682 2920.980712890625 80
1711049889748 2838.3499755859375 81
1711049889811 2818.9071044921875 82
1711049889882 2809.30078125 83
1711049889943 2743.8929443359375 84
1711049889983 2755.648193359375 85
1711049890028 2723.3687744140625 86
1711049890088 2683.6082763671875 87
1711049890131 2587.1793212890625 88
1711049890169 2569.9539794921875 89
1711049890219 2576.6824951171875 90
1711049890255 2449.20166015625 91
1711049890292 2441.1973876953125 92
1711049890331 2450.671630859375 93
1711049890377 2396.959228515625 94
1711049890414 2393.93505859375 95
1711049890455 2324.22509765625 96
1711049890495 2287.1138916015625 97
1711049890533 2272.153076171875 98
1711049890571 2227.2818603515625 99
1711049890613 2183.072265625 100
1711049890655 2147.9632568359375 101
1711049890700 2128.2457275390625 102
1711049890737 2087.5804443359375 103
1711049890775 2089.5076904296875 104
1711049890849 1969.8171997070312 105
1711049890946 2008.048095703125 106
1711049891010 1917.6431274414062 107
1711049891046 1988.54248046875 108
1711049891097 1994.2236938476562 109
1711049891155 1840.5181884765625 110
1711049891193 1914.1163940429688 111
1711049891261 1902.09814453125 112
1711049891296 1807.5882568359375 113
1711049891335 1805.078125 114
1711049891375 1758.71142578125 115
1711049891428 1698.6876831054688 116
1711049891466 1666.6488037109375 117
1711049891516 1717.904052734375 118
1711049891558 1567.0487670898438 119
1711049891594 1589.1646728515625 120
1711049891637 1667.6931762695312 121
1711049891676 1564.9583129882812 122
1711049891715 1568.390869140625 123
1711049891753 1542.8657836914062 124
1711049891791 1454.5590209960938 125
1711049891827 1491.43603515625 126
1711049891867 1523.09814453125 127
1711049891911 1467.786376953125 128
1711049891956 1509.760009765625 129
1711049892000 1449.8474731445312 130
1711049892040 1445.563720703125 131
1711049892077 1382.5667114257812 132
1711049892115 1411.0327758789062 133
1711049892154 1317.6576538085938 134
1711049892191 1389.7503662109375 135
1711049892229 1369.9714965820312 136
1711049892268 1297.0467529296875 137
1711049892307 1276.1118774414062 138
1711049892345 1353.4014892578125 139
1711049892388 1335.0709838867188 140
1711049892440 1282.2844848632812 141
1711049892480 1267.1470947265625 142
1711049892521 1261.5728759765625 143
1711049892559 1288.7198486328125 144
1711049892600 1262.19482421875 145
1711049892641 1181.5243530273438 146
1711049892680 1179.78173828125 147
1711049892720 1217.912353515625 148
1711049892758 1195.277587890625 149
1711049892796 1124.5085144042969 150
1711049892833 1201.4158325195312 151
1711049892874 1147.989013671875 152
1711049892912 1172.1714477539062 153
1711049892949 1146.7816772460938 154
1711049892993 1148.7970581054688 155
1711049893032 1187.8261108398438 156
1711049893070 1173.5756225585938 157
1711049893106 1116.9630737304688 158
1711049893143 1066.6466369628906 159
1711049893183 1111.5111083984375 160
1711049893222 1109.2041015625 161
1711049893263 1040.9051818847656 162
1711049893299 1151.1168518066406 163
1711049893340 1055.4736022949219 164
1711049893377 1097.483154296875 165
1711049893421 1056.8803100585938 166
1711049893459 1046.8540344238281 167
1711049893496 1153.8364868164062 168
1711049893538 1014.0069580078125 169
1711049893577 1074.6622924804688 170
1711049893615 1076.032958984375 171
1711049893656 1122.28369140625 172
1711049893695 1012.5115661621094 173
1711049893734 1105.6027221679688 174
1711049893772 1057.5928955078125 175
1711049893811 1027.0479125976562 176
1711049893846 1078.0948791503906 177
1711049893886 978.42578125 178
1711049893925 1056.3666381835938 179
1711049893969 1040.4209899902344 180
1711049894006 990.3315124511719 181
1711049894047 952.6929931640625 182
1711049894082 999.53857421875 183
1711049894123 1021.49853515625 184
1711049894160 939.5109252929688 185
1711049894198 1007.5926513671875 186
1711049894234 999.6857604980469 187
1711049894274 1014.6122741699219 188
1711049894312 1008.0652465820312 189
1711049894359 989.1567687988281 190
1711049894407 993.8017272949219 191
1711049894457 987.667236328125 192
1711049894494 952.3832397460938 193
1711049894533 1002.287841796875 194
1711049894584 914.1278381347656 195
1711049894636 930.9318542480469 196
1711049894675 966.6631164550781 197
1711049894713 931.2171325683594 198
1711049894758 896.4177551269531 199
1711049894804 983.7054443359375 200
1711049894846 903.0344848632812 201
1711049894888 931.6670227050781 202
1711049894925 939.9385070800781 203
1711049894965 907.7923278808594 204
1711049895012 874.248046875 205
1711049895052 926.1683044433594 206
1711049895088 940.1407165527344 207
1711049895134 897.5337524414062 208
1711049895188 919.2262268066406 209
1711049895230 899.0856628417969 210
1711049895267 872.1624450683594 211
1711049895308 898.978271484375 212
1711049895358 870.8540954589844 213
1711049895414 933.8794555664062 214
1711049895455 838.1091613769531 215
1711049895493 912.476318359375 216
1711049895531 861.3731384277344 217
1711049895571 885.2152099609375 218
1711049895614 856.5576782226562 219
1711049895659 866.4481201171875 220
1711049895710 849.7132263183594 221
1711049895747 865.6347961425781 222
1711049895793 812.3519287109375 223
1711049895832 855.3256530761719 224
1711049895877 871.7981872558594 225
1711049895921 841.4735717773438 226
1711049895959 848.0068969726562 227
1711049895997 811.7255554199219 228
1711049896043 825.2053833007812 229
1711049896084 837.1479187011719 230
1711049896120 826.4272766113281 231
1711049896191 782.644775390625 232
1711049896244 794.6331481933594 233
1711049896298 791.4035034179688 234
1711049896346 776.1709289550781 235
1711049896392 740.9862976074219 236
1711049896453 801.2236938476562 237
1711049896505 787.687255859375 238
1711049896542 813.745849609375 239
1711049896579 783.1766967773438 240
1711049896629 795.3162536621094 241
1711049896680 733.2459106445312 242
1711049896725 741.0955200195312 243
1711049896764 760.8654479980469 244
1711049896808 771.8575744628906 245
1711049896857 755.3471374511719 246
1711049896904 771.1279907226562 247
1711049896941 750.7684020996094 248
1711049896980 720.818359375 249
1711049897028 723.8945617675781 250
1711049897077 722.8577270507812 251
1711049897122 718.4552001953125 252
1711049897158 733.2981567382812 253
1711049897199 738.9408874511719 254
1711049897248 672.7050170898438 255
1711049897299 671.1118774414062 256
1711049897340 700.8833618164062 257
1711049897379 654.39697265625 258
1711049897426 679.6328430175781 259
1711049897475 672.4861145019531 260
1711049897527 653.3744812011719 261
1711049897584 654.5982360839844 262
1711049897639 651.0912780761719 263
1711049897687 658.5217590332031 264
1711049897753 647.4995422363281 265
1711049897818 685.6357727050781 266
1711049897899 639.3798217773438 267
1711049897949 645.1240539550781 268
1711049897991 656.0491638183594 269
1711049898043 615.4369812011719 270
1711049898081 616.662109375 271
1711049898125 601.1268920898438 272
1711049898179 584.2781066894531 273
1711049898226 598.0600280761719 274
1711049898274 589.1585388183594 275
1711049898319 564.4945526123047 276
1711049898359 614.6086730957031 277
1711049898401 582.9154357910156 278
1711049898453 581.8500366210938 279
1711049898497 600.6252746582031 280
1711049898548 570.0344848632812 281
1711049898608 588.30615234375 282
1711049898655 558.6677551269531 283
1711049898696 577.8458557128906 284
1711049898737 529.4221801757812 285
1711049898779 582.8342590332031 286
1711049898834 535.0349426269531 287
1711049898877 539.6246643066406 288
1711049898919 573.8337860107422 289
1711049898972 526.4438781738281 290
1711049899026 543.4837036132812 291
1711049899081 525.7044677734375 292
1711049899125 529.3819580078125 293
1711049899171 528.0653381347656 294
1711049899220 519.3979187011719 295
1711049899272 523.1656036376953 296
1711049899321 532.1639404296875 297
1711049899377 488.29005432128906 298
1711049899423 509.5380859375 299
1711049899475 515.9435119628906 300
1711049899523 495.26438903808594 301
1711049899574 483.2876281738281 302
1711049899626 478.96295166015625 303
1711049899679 498.0416564941406 304
1711049899729 473.64488220214844 305
1711049899781 481.6857604980469 306
1711049899831 497.9247741699219 307
1711049899887 470.7321472167969 308
1711049899934 466.95823669433594 309
1711049899983 449.0754852294922 310
1711049900030 411.9484100341797 311
1711049900080 456.6414337158203 312
1711049900123 470.80926513671875 313
1711049900204 464.7683868408203 314
1711049900244 429.49610900878906 315
1711049900292 449.79791259765625 316
1711049900348 434.16278076171875 317
1711049900401 439.7656555175781 318
1711049900457 419.5281524658203 319
1711049900508 401.91851806640625 320
1711049900556 420.4468231201172 321
1711049900601 415.8153381347656 322
1711049900647 409.4644012451172 323
1711049900700 412.1995849609375 324
1711049900737 408.27587890625 325
1711049900776 386.0476531982422 326
1711049900815 384.8738098144531 327
1711049900862 361.175537109375 328
1711049900907 383.1480712890625 329
1711049900953 360.1243591308594 330
1711049900996 378.39308166503906 331
1711049901040 362.89923095703125 332
1711049901079 384.90594482421875 333
1711049901130 387.49684143066406 334
1711049901172 372.59283447265625 335
1711049901213 344.68975830078125 336
1711049901256 390.45591735839844 337
1711049901299 350.0142517089844 338
1711049901344 366.81048583984375 339
1711049901388 332.6041564941406 340
1711049901437 334.06163024902344 341
1711049901476 323.8253631591797 342
1711049901518 317.16456604003906 343
1711049901561 345.4162139892578 344
1711049901601 332.8050994873047 345
1711049901642 324.622802734375 346
1711049901685 330.96595764160156 347
1711049901727 311.7474365234375 348
1711049901767 323.43211364746094 349
1711049901813 337.451171875 350
1711049901857 326.8701934814453 351
1711049901895 295.2079162597656 352
1711049901935 305.84739685058594 353
1711049901978 317.9359588623047 354
1711049902014 311.72607421875 355
1711049902063 274.5709991455078 356
1711049902103 302.12518310546875 357
1711049902145 297.7786560058594 358
1711049902184 281.4239501953125 359
1711049902222 305.9726867675781 360
1711049902258 274.03857421875 361
1711049902295 264.68370056152344 362
1711049902340 290.67454528808594 363
1711049902382 265.7393035888672 364
1711049902425 268.44854736328125 365
1711049902464 269.6531219482422 366
1711049902509 264.7078857421875 367
1711049902560 283.2235107421875 368
1711049902620 279.66754150390625 369
1711049902672 247.0181655883789 370
1711049902722 237.06434631347656 371
1711049902770 260.34954833984375 372
1711049902817 256.0069274902344 373
1711049902869 270.85328674316406 374
1711049902921 251.20016479492188 375
1711049902971 251.7742462158203 376
1711049903011 235.91927337646484 377
1711049903058 244.84230041503906 378
1711049903101 228.04791259765625 379
1711049903148 241.27366638183594 380
1711049903188 221.81768798828125 381
1711049903224 228.9874038696289 382
1711049903261 229.88372802734375 383
1711049903299 227.07100677490234 384
1711049903341 212.63419342041016 385
1711049903379 206.65516662597656 386
1711049903419 226.79505157470703 387
1711049903466 210.41252899169922 388
1711049903506 194.78955078125 389
1711049903543 206.847412109375 390
1711049903587 214.35295867919922 391
1711049903626 212.07750701904297 392
1711049903669 216.28417205810547 393
1711049903718 209.0369415283203 394
1711049903757 209.19532012939453 395
1711049903799 197.76243591308594 396
1711049903840 191.51339721679688 397
1711049903875 192.8386993408203 398
1711049903918 192.90354919433594 399
1711049903958 187.54518127441406 400
1711049904003 197.01513671875 401
1711049904041 197.26238250732422 402
1711049904079 181.15503692626953 403
1711049904123 185.599365234375 404
1711049904165 196.99998474121094 405
1711049904211 188.2564239501953 406
1711049904261 185.3424835205078 407
1711049904302 173.31170654296875 408
1711049904341 175.70137786865234 409
1711049904379 178.51628875732422 410
1711049904419 172.0712127685547 411
1711049904464 172.531494140625 412
1711049904503 159.8117218017578 413
1711049904541 171.3067398071289 414
1711049904584 180.82235717773438 415
1711049904625 164.8572769165039 416
1711049904661 161.4376449584961 417
1711049904711 170.99999237060547 418
1711049904783 173.2171401977539 419
1711049904847 177.15736389160156 420
1711049904913 163.9946746826172 421
1711049904963 150.41809844970703 422
1711049905014 159.84364318847656 423
1711049905062 156.49774932861328 424
1711049905114 159.4465560913086 425
1711049905152 140.02568817138672 426
1711049905197 157.26376342773438 427
1711049905236 158.71964263916016 428
1711049905276 151.8646697998047 429
1711049905317 155.02389526367188 430
1711049905354 148.6580810546875 431
1711049905396 147.2921905517578 432
1711049905439 149.12702178955078 433
1711049905482 132.91387176513672 434
1711049905525 143.4468536376953 435
1711049905565 144.10997772216797 436
1711049905608 137.23983764648438 437
1711049905647 142.54561614990234 438
1711049905710 130.78805923461914 439
1711049905751 132.38248443603516 440
1711049905790 125.93621444702148 441
1711049905827 123.56379699707031 442
1711049905874 120.44195938110352 443
1711049905917 142.32751846313477 444
1711049905957 132.62652587890625 445
1711049905996 134.0433349609375 446
1711049906035 143.1461067199707 447
1711049906080 133.3633918762207 448
1711049906131 138.93538284301758 449
1711049906177 122.17057037353516 450
1711049906221 123.05052947998047 451
1711049906264 135.9582748413086 452
1711049906306 129.03512573242188 453
1711049906351 118.82907485961914 454
1711049906394 122.75984954833984 455
1711049906444 119.20426940917969 456
1711049906493 125.57946395874023 457
1711049906530 113.16279602050781 458
1711049906576 109.19369506835938 459
1711049906625 113.31796264648438 460
1711049906668 113.53424835205078 461
1711049906706 114.61856842041016 462
1711049906749 120.80163955688477 463
1711049906789 105.71149826049805 464
1711049906830 117.05297470092773 465
1711049906872 114.41326141357422 466
1711049906912 109.33330917358398 467
1711049906959 113.99858856201172 468
1711049907012 112.3967170715332 469
1711049907061 103.52419662475586 470
1711049907104 116.78620147705078 471
1711049907143 117.11955261230469 472
1711049907185 118.06365966796875 473
1711049907226 99.93543243408203 474
1711049907266 108.19055557250977 475
1711049907310 104.55102157592773 476
1711049907350 98.71738052368164 477
1711049907386 106.22586059570312 478
1711049907425 108.79175567626953 479
1711049907468 102.65274810791016 480
1711049907510 102.0902099609375 481
1711049907553 104.66766357421875 482
1711049907590 90.65108489990234 483
1711049907629 96.07770919799805 484
1711049907673 111.23542785644531 485
1711049907716 92.45837020874023 486
1711049907758 100.55493927001953 487
1711049907796 100.29817581176758 488
1711049907836 92.09174346923828 489
1711049907873 88.03828430175781 490
1711049907918 91.8830795288086 491
1711049907969 105.63602066040039 492
1711049908006 96.2150650024414 493
1711049908046 100.3129653930664 494
1711049908089 93.64422225952148 495
1711049908131 88.69202041625977 496
1711049908171 88.94800186157227 497
1711049908210 90.81883239746094 498
1711049908250 89.67721176147461 499
