1711028716254 4711.189697265625 0
1711028716317 4625.73828125 1
1711028716406 4678.236572265625 2
1711028716456 4540.228759765625 3
1711028716507 4685.435546875 4
1711028716569 4552.725830078125 5
1711028716611 4644.04052734375 6
1711028716654 4654.292236328125 7
1711028716696 4493.645751953125 8
1711028716737 4481.85107421875 9
1711028716807 4711.628662109375 10
1711028716850 4570.64453125 11
1711028716902 4620.62841796875 12
1711028716944 4677.06689453125 13
1711028716992 4492.694580078125 14
1711028717034 4497.005126953125 15
1711028717074 4509.45654296875 16
1711028717118 4518.146728515625 17
1711028717159 4438.18505859375 18
1711028717201 4483.568359375 19
1711028717243 4309.7225341796875 20
1711028717286 4525.119140625 21
1711028717327 4387.80615234375 22
1711028717369 4430.13330078125 23
1711028717409 4434.179443359375 24
1711028717454 4291.777587890625 25
1711028717505 4411.096435546875 26
1711028717565 4303.8187255859375 27
1711028717608 4325.522216796875 28
1711028717649 4279.981689453125 29
1711028717691 4231.56005859375 30
1711028717734 4322.81689453125 31
1711028717777 4328.223876953125 32
1711028717820 4328.478759765625 33
1711028717863 4178.1453857421875 34
1711028717906 4243.162353515625 35
1711028717946 4115.35009765625 36
1711028717990 4161.5772705078125 37
1711028718031 4159.5035400390625 38
1711028718082 4220.43310546875 39
1711028718128 4060.92626953125 40
1711028718175 4048.942626953125 41
1711028718216 4201.72021484375 42
1711028718257 4188.8553466796875 43
1711028718297 4058.9864501953125 44
1711028718342 4114.5511474609375 45
1711028718385 4000.7601318359375 46
1711028718427 4002.02001953125 47
1711028718481 4024.7269287109375 48
1711028718534 3805.699951171875 49
1711028718589 3891.5286865234375 50
1711028718642 3829.789306640625 51
1711028718692 3880.1917724609375 52
1711028718744 3832.5032958984375 53
1711028718795 3862.0673828125 54
1711028718845 3788.8397216796875 55
1711028718893 3854.9229736328125 56
1711028718939 3715.080322265625 57
1711028718978 3701.528076171875 58
1711028719023 3637.71728515625 59
1711028719080 3649.5745849609375 60
1711028719174 3640.0462646484375 61
1711028719253 3617.160888671875 62
1711028719310 3704.1131591796875 63
1711028719360 3530.552001953125 64
1711028719407 3569.0626220703125 65
1711028719449 3446.3704833984375 66
1711028719491 3526.374755859375 67
1711028719531 3456.920654296875 68
1711028719574 3379.9957275390625 69
1711028719618 3355.7127685546875 70
1711028719657 3269.7286376953125 71
1711028719703 3259.315673828125 72
1711028719759 3273.498779296875 73
1711028719821 3162.0931396484375 74
1711028719872 3201.1212158203125 75
1711028719919 3174.9288330078125 76
1711028719960 3126.1170654296875 77
1711028720003 3093.61962890625 78
1711028720046 3076.8551025390625 79
1711028720092 3022.428466796875 80
1711028720134 2955.1090087890625 81
1711028720176 2996.6153564453125 82
1711028720219 2876.2589111328125 83
1711028720261 2898.822998046875 84
1711028720304 2827.853271484375 85
1711028720347 2868.8709716796875 86
1711028720390 2751.3209228515625 87
1711028720452 2808.3455810546875 88
1711028720513 2732.7393798828125 89
1711028720573 2711.65087890625 90
1711028720628 2646.671875 91
1711028720690 2589.7371826171875 92
1711028720744 2583.330810546875 93
1711028720798 2520.3289794921875 94
1711028720852 2486.1688232421875 95
1711028720894 2385.26123046875 96
1711028720936 2400.0482177734375 97
1711028720977 2400.449462890625 98
1711028721019 2398.6351318359375 99
1711028721059 2357.6497802734375 100
1711028721107 2296.4134521484375 101
1711028721150 2316.878173828125 102
1711028721189 2157.1885986328125 103
1711028721232 2245.2552490234375 104
1711028721274 2166.57177734375 105
1711028721319 2116.8470458984375 106
1711028721362 2153.0501098632812 107
1711028721405 2051.6708984375 108
1711028721443 2036.521240234375 109
1711028721488 2042.2646484375 110
1711028721533 2010.7427368164062 111
1711028721572 2001.0604858398438 112
1711028721612 1914.2617797851562 113
1711028721656 1903.1192016601562 114
1711028721695 1934.0690307617188 115
1711028721736 1873.4911499023438 116
1711028721775 1834.73583984375 117
1711028721818 1891.1963500976562 118
1711028721862 1744.2882690429688 119
1711028721905 1645.5386962890625 120
1711028721943 1767.2921142578125 121
1711028721986 1727.5159301757812 122
1711028722024 1645.7564697265625 123
1711028722065 1624.875 124
1711028722107 1586.0623168945312 125
1711028722148 1607.7866821289062 126
1711028722191 1562.562255859375 127
1711028722231 1535.0029296875 128
1711028722275 1538.1326904296875 129
1711028722347 1506.019775390625 130
1711028722414 1457.5208129882812 131
1711028722469 1449.3594970703125 132
1711028722510 1491.5424194335938 133
1711028722553 1378.4215087890625 134
1711028722594 1396.280029296875 135
1711028722639 1416.8341674804688 136
1711028722678 1361.3871459960938 137
1711028722721 1422.4502563476562 138
1711028722761 1260.8742980957031 139
1711028722803 1334.8447265625 140
1711028722844 1368.8619995117188 141
1711028722885 1322.0079345703125 142
1711028722929 1334.1671752929688 143
1711028722970 1307.1272583007812 144
1711028723009 1350.7538452148438 145
1711028723049 1274.876953125 146
1711028723090 1195.9381408691406 147
1711028723132 1301.6070556640625 148
1711028723181 1222.5737915039062 149
1711028723221 1174.6177673339844 150
1711028723262 1252.95751953125 151
1711028723302 1249.9314575195312 152
1711028723343 1262.2778930664062 153
1711028723387 1157.0494384765625 154
1711028723432 1161.1055297851562 155
1711028723474 1177.9850463867188 156
1711028723518 1170.306396484375 157
1711028723558 1207.09326171875 158
1711028723601 1132.516357421875 159
1711028723640 1135.8829345703125 160
1711028723683 1166.5852661132812 161
1711028723729 1179.41796875 162
1711028723783 1043.5679016113281 163
1711028723827 1134.35986328125 164
1711028723884 1151.7805786132812 165
1711028723930 1191.0769958496094 166
1711028723976 1106.572509765625 167
1711028724021 1134.9207153320312 168
1711028724068 1022.6702880859375 169
1711028724112 1152.1934814453125 170
1711028724155 1064.0994567871094 171
1711028724198 1106.1077270507812 172
1711028724237 1037.7105102539062 173
1711028724279 1081.6024780273438 174
1711028724320 1065.4590454101562 175
1711028724360 1060.54443359375 176
1711028724409 1112.7349853515625 177
1711028724452 1071.4845581054688 178
1711028724493 1027.1450805664062 179
1711028724547 1111.3110961914062 180
1711028724589 1048.7256774902344 181
1711028724630 1014.7806701660156 182
1711028724673 1059.5174865722656 183
1711028724717 997.6535034179688 184
1711028724756 996.3841857910156 185
1711028724797 1038.7114868164062 186
1711028724842 1006.4662475585938 187
1711028724886 989.7774658203125 188
1711028724928 981.0507202148438 189
1711028724971 964.5308532714844 190
1711028725009 958.0892944335938 191
1711028725053 944.8580932617188 192
1711028725093 994.8607177734375 193
1711028725130 966.2149963378906 194
1711028725193 954.7706909179688 195
1711028725235 977.7809753417969 196
1711028725275 962.2778930664062 197
1711028725317 975.9073791503906 198
1711028725355 992.0156555175781 199
1711028725396 957.9263000488281 200
1711028725437 968.1203308105469 201
1711028725480 913.6189880371094 202
1711028725522 953.6793823242188 203
1711028725560 966.0564575195312 204
1711028725603 982.4666137695312 205
1711028725644 916.1163635253906 206
1711028725684 873.2803344726562 207
1711028725727 874.0928955078125 208
1711028725770 890.2596130371094 209
1711028725810 913.8514709472656 210
1711028725852 881.9447326660156 211
1711028725890 874.9365844726562 212
1711028725930 916.5736083984375 213
1711028725977 828.66796875 214
1711028726017 886.564208984375 215
1711028726056 847.6302795410156 216
1711028726096 853.8911437988281 217
1711028726138 885.5938720703125 218
1711028726178 843.47265625 219
1711028726222 831.2446594238281 220
1711028726259 869.8350830078125 221
1711028726301 826.5033874511719 222
1711028726341 852.5470886230469 223
1711028726382 779.6181030273438 224
1711028726423 821.6951904296875 225
1711028726463 833.3223876953125 226
1711028726527 805.1544494628906 227
1711028726570 830.119140625 228
1711028726611 770.0243530273438 229
1711028726652 805.44384765625 230
1711028726690 836.143798828125 231
1711028726730 823.1121520996094 232
1711028726784 748.5267944335938 233
1711028726827 828.4031677246094 234
1711028726868 821.7866821289062 235
1711028726907 782.6819763183594 236
1711028726949 770.2881164550781 237
1711028726990 781.9317321777344 238
1711028727030 775.8687438964844 239
1711028727071 735.2191467285156 240
1711028727111 747.2238464355469 241
1711028727150 774.0167236328125 242
1711028727190 765.5832214355469 243
1711028727230 750.7568359375 244
1711028727270 711.4623107910156 245
1711028727312 723.9686889648438 246
1711028727355 706.947021484375 247
1711028727397 726.9668579101562 248
1711028727435 734.3060607910156 249
1711028727476 708.7543334960938 250
1711028727520 706.0641784667969 251
1711028727563 681.0625610351562 252
1711028727610 689.0479431152344 253
1711028727652 666.3114318847656 254
1711028727691 696.4794311523438 255
1711028727732 655.5787353515625 256
1711028727771 749.2979125976562 257
1711028727811 661.1126708984375 258
1711028727851 693.6306457519531 259
1711028727889 683.04736328125 260
1711028727929 628.0115661621094 261
1711028727970 646.4920043945312 262
1711028728012 671.5035705566406 263
1711028728064 646.3266296386719 264
1711028728104 614.8253173828125 265
1711028728144 595.3426361083984 266
1711028728187 628.1047668457031 267
1711028728225 611.6630249023438 268
1711028728266 625.4017639160156 269
1711028728304 630.0257568359375 270
1711028728345 570.0040740966797 271
1711028728387 605.476318359375 272
1711028728427 588.5349426269531 273
1711028728468 585.7342834472656 274
1711028728510 619.8570556640625 275
1711028728554 580.043701171875 276
1711028728593 573.703125 277
1711028728637 562.5626525878906 278
1711028728684 531.2613220214844 279
1711028728731 601.1942749023438 280
1711028728773 563.54541015625 281
1711028728813 547.7185363769531 282
1711028728854 548.9454956054688 283
1711028728902 589.4916076660156 284
1711028728956 556.8549194335938 285
1711028729025 537.3491516113281 286
1711028729116 531.2806701660156 287
1711028729180 518.403076171875 288
1711028729220 541.4585723876953 289
1711028729262 546.4467315673828 290
1711028729305 524.3125762939453 291
1711028729343 500.740966796875 292
1711028729416 499.2880096435547 293
1711028729483 504.1244354248047 294
1711028729543 515.6646575927734 295
1711028729585 492.6240539550781 296
1711028729624 510.4811096191406 297
1711028729668 490.0823516845703 298
1711028729713 463.7429504394531 299
1711028729754 486.56471252441406 300
1711028729792 483.2623291015625 301
1711028729836 468.83387756347656 302
1711028729875 470.38990783691406 303
1711028729916 464.2774658203125 304
1711028729955 459.084228515625 305
1711028729996 464.3601379394531 306
1711028730042 423.54783630371094 307
1711028730082 429.01316833496094 308
1711028730122 427.4014434814453 309
1711028730164 447.56248474121094 310
1711028730205 408.7794494628906 311
1711028730247 400.61631774902344 312
1711028730290 397.8168182373047 313
1711028730331 410.72332763671875 314
1711028730376 414.1207275390625 315
1711028730420 402.4159698486328 316
1711028730460 409.0101318359375 317
1711028730507 429.6340637207031 318
1711028730550 384.70172119140625 319
1711028730593 396.24061584472656 320
1711028730635 381.14451599121094 321
1711028730676 393.5217590332031 322
1711028730725 386.48370361328125 323
1711028730788 377.6794738769531 324
1711028730844 355.421875 325
1711028730904 391.8336486816406 326
1711028730962 371.20408630371094 327
1711028731021 367.8546447753906 328
1711028731077 337.64302825927734 329
1711028731133 344.784912109375 330
1711028731183 366.2882080078125 331
1711028731232 351.8284912109375 332
1711028731276 343.4496154785156 333
1711028731322 352.96470642089844 334
1711028731366 348.07960510253906 335
1711028731410 346.1447296142578 336
1711028731452 350.8095397949219 337
1711028731496 313.8899841308594 338
1711028731539 320.12310791015625 339
1711028731594 339.16807556152344 340
1711028731655 321.8431396484375 341
1711028731718 309.6136016845703 342
1711028731772 311.20982360839844 343
1711028731820 324.27723693847656 344
1711028731863 322.58717346191406 345
1711028731908 299.63706970214844 346
1711028731951 299.15037536621094 347
1711028731994 280.2346496582031 348
1711028732057 317.6397399902344 349
1711028732100 304.44281005859375 350
1711028732141 306.9092102050781 351
1711028732186 279.8139953613281 352
1711028732229 291.5333557128906 353
1711028732274 285.17681884765625 354
1711028732319 286.25135803222656 355
1711028732366 299.76253509521484 356
1711028732409 263.06017303466797 357
1711028732455 276.29917907714844 358
1711028732501 279.0205535888672 359
1711028732542 258.00250244140625 360
1711028732586 255.17604064941406 361
1711028732630 252.13105010986328 362
1711028732671 255.1600799560547 363
1711028732717 275.2242126464844 364
1711028732760 278.4439697265625 365
1711028732804 250.90467071533203 366
1711028732850 255.6076889038086 367
1711028732893 253.51721954345703 368
1711028732938 260.77123260498047 369
1711028732982 249.36741638183594 370
1711028733024 243.0907211303711 371
1711028733083 250.77237701416016 372
1711028733124 248.8953094482422 373
1711028733171 239.09551239013672 374
1711028733215 231.474365234375 375
1711028733254 218.0504913330078 376
1711028733296 216.88451385498047 377
1711028733338 226.1264877319336 378
1711028733379 239.0067901611328 379
1711028733423 216.0794906616211 380
1711028733465 222.01531219482422 381
1711028733510 219.95333862304688 382
1711028733558 221.56371307373047 383
1711028733624 230.87322235107422 384
1711028733669 208.63153839111328 385
1711028733719 211.02943420410156 386
1711028733778 209.91851806640625 387
1711028733830 213.0230941772461 388
1711028733892 198.34119415283203 389
1711028733942 193.36214447021484 390
1711028733984 194.50933074951172 391
1711028734027 199.42000579833984 392
1711028734077 185.57623291015625 393
1711028734121 192.70967864990234 394
1711028734166 181.0207977294922 395
1711028734208 186.310546875 396
1711028734250 187.04882049560547 397
1711028734290 192.8468780517578 398
1711028734334 187.69158172607422 399
1711028734375 180.46639251708984 400
1711028734415 182.65035247802734 401
1711028734457 173.53461456298828 402
1711028734506 182.0447235107422 403
1711028734549 177.72154998779297 404
1711028734590 174.50444793701172 405
1711028734635 168.68223571777344 406
1711028734675 164.96360778808594 407
1711028734723 185.6818389892578 408
1711028734771 167.32884979248047 409
1711028734817 157.12023544311523 410
1711028734862 158.088623046875 411
1711028734907 153.70108795166016 412
1711028734951 177.0598373413086 413
1711028734999 162.31503295898438 414
1711028735043 158.85697174072266 415
1711028735086 164.22377014160156 416
1711028735129 159.85955047607422 417
1711028735174 140.47819900512695 418
1711028735219 155.89981842041016 419
1711028735261 147.5755386352539 420
1711028735307 159.35572052001953 421
1711028735350 148.8875274658203 422
1711028735389 155.44627380371094 423
1711028735432 149.3163070678711 424
1711028735473 147.202880859375 425
1711028735520 134.36473846435547 426
1711028735560 146.83865356445312 427
1711028735604 160.19153594970703 428
1711028735646 157.56785583496094 429
1711028735687 148.8052978515625 430
1711028735726 147.60697174072266 431
1711028735773 147.3302993774414 432
1711028735818 137.879150390625 433
1711028735860 136.5613784790039 434
1711028735908 137.12235260009766 435
1711028735954 124.73974609375 436
1711028735997 138.49826431274414 437
1711028736042 131.96494674682617 438
1711028736084 128.7040557861328 439
1711028736123 127.5307846069336 440
1711028736168 132.31827926635742 441
1711028736208 132.72030639648438 442
1711028736249 124.49247360229492 443
1711028736293 135.1865692138672 444
1711028736341 128.29069137573242 445
1711028736393 127.48918914794922 446
1711028736440 111.8045425415039 447
1711028736486 126.76897430419922 448
1711028736550 124.43783569335938 449
1711028736632 114.51171493530273 450
1711028736705 119.1992416381836 451
1711028736753 126.77178192138672 452
1711028736807 115.83027648925781 453
1711028736853 112.84147644042969 454
1711028736898 112.60648345947266 455
1711028736942 119.67977142333984 456
1711028736986 114.83443832397461 457
1711028737031 104.43806457519531 458
1711028737072 114.23096466064453 459
1711028737115 115.78393936157227 460
1711028737155 112.6351318359375 461
1711028737198 112.58474731445312 462
1711028737240 117.76881408691406 463
1711028737289 108.59423446655273 464
1711028737335 105.81405639648438 465
1711028737398 107.6458854675293 466
1711028737445 103.5625991821289 467
1711028737489 104.57912826538086 468
1711028737536 101.97069549560547 469
1711028737575 103.44229507446289 470
1711028737619 94.35287094116211 471
1711028737663 97.22653579711914 472
1711028737715 102.86234283447266 473
1711028737762 100.8302993774414 474
1711028737803 99.62302017211914 475
1711028737852 97.7320785522461 476
1711028737897 104.57676315307617 477
1711028737941 96.00037002563477 478
1711028737984 99.20262908935547 479
1711028738028 99.58642959594727 480
1711028738069 99.48320388793945 481
1711028738111 95.27748489379883 482
1711028738159 93.70597076416016 483
1711028738204 103.07235336303711 484
1711028738248 90.11016845703125 485
1711028738292 88.13795852661133 486
1711028738336 96.32783508300781 487
1711028738381 95.98157501220703 488
1711028738425 89.87935256958008 489
1711028738470 83.9413833618164 490
1711028738518 95.79773712158203 491
1711028738562 95.3802375793457 492
1711028738605 89.66865921020508 493
1711028738649 86.72350692749023 494
1711028738693 87.13957214355469 495
1711028738736 88.48878479003906 496
1711028738782 79.19448661804199 497
1711028738825 83.82234954833984 498
1711028738867 95.4409294128418 499
