1711028716275 -18.7229717838654 0
1711028716373 -18.686098511038008 1
1711028716427 -18.649311216275844 2
1711028716474 -18.61362288221436 3
1711028716540 -18.577635322498242 4
1711028716587 -18.542287252261556 5
1711028716627 -18.505504821182726 6
1711028716673 -18.46959213793886 7
1711028716713 -18.434639149684145 8
1711028716770 -18.39884720973673 9
1711028716824 -18.3593931722239 10
1711028716874 -18.323393045073402 11
1711028716920 -18.284572539364742 12
1711028716963 -18.24494982230811 13
1711028717008 -18.20656858130474 14
1711028717050 -18.16455641342226 15
1711028717091 -18.12243368229631 16
1711028717134 -18.07818646465091 17
1711028717177 -18.034190291207704 18
1711028717221 -17.986300236721796 19
1711028717260 -17.940603210313732 20
1711028717303 -17.888349340581946 21
1711028717343 -17.838553425510547 22
1711028717385 -17.787065996824115 23
1711028717427 -17.731573997207118 24
1711028717472 -17.67701803971928 25
1711028717533 -17.617707043615518 26
1711028717581 -17.559487479607878 27
1711028717624 -17.497050773415186 28
1711028717667 -17.433416569105887 29
1711028717709 -17.369158034919607 30
1711028717753 -17.30097558341467 31
1711028717794 -17.231972718799486 32
1711028717839 -17.159399851338506 33
1711028717880 -17.08660925253795 34
1711028717922 -17.00990771073189 35
1711028717964 -16.936104635873438 36
1711028718007 -16.85319189560757 37
1711028718051 -16.77200348063094 38
1711028718105 -16.688938131185473 39
1711028718153 -16.602602707829373 40
1711028718190 -16.516584431655797 41
1711028718236 -16.4236678896723 42
1711028718274 -16.331992015373636 43
1711028718317 -16.240804985710074 44
1711028718361 -16.14024297065059 45
1711028718402 -16.046125931503642 46
1711028718446 -15.946240908829193 47
1711028718508 -15.844071097482889 48
1711028718556 -15.746575180730428 49
1711028718609 -15.634629853603084 50
1711028718664 -15.533528778062205 51
1711028718712 -15.422124031148886 52
1711028718761 -15.315995763595868 53
1711028718819 -15.205889908450175 54
1711028718865 -15.091044416801541 55
1711028718913 -14.972725756760234 56
1711028718954 -14.860677465052573 57
1711028718996 -14.741066560726619 58
1711028719048 -14.625703306409916 59
1711028719107 -14.499382517103538 60
1711028719219 -14.373515168589988 61
1711028719274 -14.25159549534298 62
1711028719332 -14.118102535365546 63
1711028719385 -14.000598464140012 64
1711028719425 -13.859629913752062 65
1711028719467 -13.736052567886675 66
1711028719506 -13.597197842985986 67
1711028719549 -13.463912500311901 68
1711028719592 -13.329857929068693 69
1711028719633 -13.19450281968084 70
1711028719675 -13.064599974755511 71
1711028719726 -12.919288535085537 72
1711028719789 -12.779411752266599 73
1711028719839 -12.643255296484988 74
1711028719893 -12.502086611590702 75
1711028719936 -12.365798222672774 76
1711028719977 -12.224231840051038 77
1711028720019 -12.080501178300699 78
1711028720070 -11.936756862534091 79
1711028720107 -11.796568913111663 80
1711028720152 -11.653085393164968 81
1711028720192 -11.506535457626645 82
1711028720238 -11.364280860108455 83
1711028720278 -11.22006438880962 84
1711028720322 -11.073485838376483 85
1711028720362 -10.924075171202077 86
1711028720418 -10.776312451637128 87
1711028720476 -10.633916988848394 88
1711028720542 -10.490460994351656 89
1711028720595 -10.339251372304949 90
1711028720657 -10.192492667875095 91
1711028720713 -10.044508120732011 92
1711028720767 -9.900699733936989 93
1711028720825 -9.754833210492034 94
1711028720870 -9.608632855308763 95
1711028720911 -9.466465465628369 96
1711028720954 -9.319936515292147 97
1711028720993 -9.180415385622341 98
1711028721035 -9.037100848783894 99
1711028721078 -8.896821888246297 100
1711028721125 -8.751313927858268 101
1711028721165 -8.617514679737457 102
1711028721208 -8.476175376507182 103
1711028721253 -8.34147310411393 104
1711028721289 -8.202146827789047 105
1711028721335 -8.068793930187063 106
1711028721381 -7.936387990971909 107
1711028721420 -7.802823265224948 108
1711028721460 -7.6730714764855925 109
1711028721509 -7.541276223572577 110
1711028721550 -7.414460595697676 111
1711028721587 -7.2899578084540515 112
1711028721629 -7.165910958674253 113
1711028721670 -7.04200886535803 114
1711028721714 -6.926874461912186 115
1711028721752 -6.805559858975073 116
1711028721791 -6.691361013734627 117
1711028721838 -6.579631118443943 118
1711028721883 -6.468553383363305 119
1711028721920 -6.35888754646693 120
1711028721960 -6.252470267237679 121
1711028722000 -6.152107839227413 122
1711028722042 -6.050303393261708 123
1711028722084 -5.951352930412922 124
1711028722122 -5.857794356431321 125
1711028722169 -5.7633082366015955 126
1711028722208 -5.6731673965824605 127
1711028722245 -5.585306155958569 128
1711028722310 -5.497969832024355 129
1711028722377 -5.415373160577771 130
1711028722442 -5.333580003986951 131
1711028722486 -5.257014727719339 132
1711028722528 -5.177660080701004 133
1711028722571 -5.106645553681719 134
1711028722612 -5.034400639115094 135
1711028722654 -4.964699681054285 136
1711028722695 -4.897977677366683 137
1711028722738 -4.833727164454202 138
1711028722778 -4.769919110595207 139
1711028722822 -4.711485702754492 140
1711028722859 -4.650787853767381 141
1711028722902 -4.597448628246816 142
1711028722948 -4.542954944314619 143
1711028722985 -4.489679901492937 144
1711028723026 -4.438152179951484 145
1711028723065 -4.3933354873243875 146
1711028723105 -4.34628153409571 147
1711028723159 -4.298942944125689 148
1711028723197 -4.256476442034867 149
1711028723239 -4.2162333110989225 150
1711028723277 -4.173668525138818 151
1711028723320 -4.134424850525577 152
1711028723360 -4.099483992290475 153
1711028723402 -4.062613802991088 154
1711028723451 -4.0273707982847675 155
1711028723491 -3.9954738658540823 156
1711028723534 -3.960460562971111 157
1711028723577 -3.9277079191974833 158
1711028723617 -3.899468992047054 159
1711028723656 -3.8704236504914693 160
1711028723705 -3.841145182748691 161
1711028723756 -3.8131020283178216 162
1711028723799 -3.7876461997024773 163
1711028723856 -3.7612660800991273 164
1711028723904 -3.7355456123307595 165
1711028723953 -3.708796398875383 166
1711028723993 -3.6858527775637207 167
1711028724037 -3.6628865049821187 168
1711028724091 -3.640538522203652 169
1711028724129 -3.6148291040688987 170
1711028724174 -3.5934707229599843 171
1711028724213 -3.5716694457346803 172
1711028724256 -3.5503936292783305 173
1711028724296 -3.5280104986162995 174
1711028724335 -3.508616235087948 175
1711028724387 -3.4866709601377472 176
1711028724427 -3.465762912585191 177
1711028724468 -3.447019521135542 178
1711028724521 -3.427417009893981 179
1711028724566 -3.4067606440845113 180
1711028724605 -3.387666522293337 181
1711028724648 -3.368790464425346 182
1711028724691 -3.3486301517827854 183
1711028724732 -3.3299081607086993 184
1711028724773 -3.311488045895617 185
1711028724814 -3.290931953669138 186
1711028724861 -3.2728830815559604 187
1711028724904 -3.2535506598946657 188
1711028724947 -3.234879916608242 189
1711028724984 -3.2165457818569747 190
1711028725027 -3.1980609262932918 191
1711028725070 -3.179694692930444 192
1711028725108 -3.1603884001889186 193
1711028725161 -3.141792334142261 194
1711028725210 -3.1241006671370632 195
1711028725250 -3.105691753219972 196
1711028725294 -3.087182935101988 197
1711028725333 -3.068623387290568 198
1711028725373 -3.0500529459226255 199
1711028725413 -3.032294253478714 200
1711028725453 -3.012974291486449 201
1711028725500 -2.9948317615343747 202
1711028725537 -2.9755075683662806 203
1711028725577 -2.9558073921700756 204
1711028725620 -2.9366825414783055 205
1711028725659 -2.917570236930198 206
1711028725703 -2.8995741347391326 207
1711028725745 -2.8797237841653303 208
1711028725786 -2.86022576113087 209
1711028725828 -2.8401160963354286 210
1711028725866 -2.8218935926113993 211
1711028725906 -2.8018953158215187 212
1711028725947 -2.782451116619499 213
1711028725992 -2.764025368139007 214
1711028726035 -2.7433101914518967 215
1711028726072 -2.7246550339289928 216
1711028726114 -2.70493818521042 217
1711028726154 -2.6853732384911724 218
1711028726198 -2.665912038143444 219
1711028726238 -2.645547760436057 220
1711028726275 -2.6255064733096836 221
1711028726319 -2.6064023150890736 222
1711028726356 -2.5859852672490624 223
1711028726401 -2.566809823153997 224
1711028726439 -2.545959766506647 225
1711028726504 -2.5260294283565248 226
1711028726542 -2.506947257367512 227
1711028726588 -2.4854109203556485 228
1711028726626 -2.4662837849152672 229
1711028726667 -2.445660006261556 230
1711028726706 -2.4251947103050244 231
1711028726757 -2.4047323712243953 232
1711028726803 -2.3845836433196723 233
1711028726843 -2.36356075716714 234
1711028726885 -2.342735139312821 235
1711028726923 -2.322178903429906 236
1711028726968 -2.300993623990071 237
1711028727006 -2.280421845541481 238
1711028727046 -2.2586459580264506 239
1711028727088 -2.2383899313722884 240
1711028727125 -2.2181769265574887 241
1711028727168 -2.1952994243879322 242
1711028727205 -2.174415463772698 243
1711028727247 -2.1539919487527697 244
1711028727289 -2.1325595724741264 245
1711028727330 -2.1116124209981906 246
1711028727373 -2.0906161386076207 247
1711028727411 -2.068962393348243 248
1711028727453 -2.04803011432345 249
1711028727494 -2.0268789334931845 250
1711028727538 -2.006168163014093 251
1711028727584 -1.9855447873795367 252
1711028727626 -1.9638959229428767 253
1711028727668 -1.9430835710156193 254
1711028727709 -1.921856914661889 255
1711028727749 -1.9024304852149085 256
1711028727786 -1.87869827181513 257
1711028727829 -1.8590066019782139 258
1711028727866 -1.8385450250979898 259
1711028727906 -1.8162092124868838 260
1711028727945 -1.7967281980796352 261
1711028727988 -1.7750783477167071 262
1711028728037 -1.7533204795228694 263
1711028728082 -1.73250473843996 264
1711028728120 -1.712592066021223 265
1711028728163 -1.692001775905207 266
1711028728202 -1.669700675344035 267
1711028728243 -1.6500586203317247 268
1711028728281 -1.6298972056691392 269
1711028728322 -1.609199000877339 270
1711028728362 -1.5893471636635699 271
1711028728405 -1.5676676314380429 272
1711028728444 -1.5484300549940215 273
1711028728485 -1.5284396232796147 274
1711028728528 -1.507475939895655 275
1711028728570 -1.4877223753833908 276
1711028728616 -1.4675225995141794 277
1711028728652 -1.4479837161627809 278
1711028728705 -1.4287689190243507 279
1711028728753 -1.4074612181387751 280
1711028728789 -1.3886312207800664 281
1711028728830 -1.3683807332798947 282
1711028728872 -1.3495825705632747 283
1711028728919 -1.328878885828555 284
1711028728984 -1.3096480318090014 285
1711028729058 -1.290349985191174 286
1711028729155 -1.27069506079091 287
1711028729195 -1.2515877455080893 288
1711028729236 -1.2314262683482569 289
1711028729282 -1.2124560348273858 290
1711028729320 -1.1931657546802046 291
1711028729373 -1.1746016990126154 292
1711028729446 -1.1549314852629613 293
1711028729509 -1.1356748951722628 294
1711028729560 -1.1164537378114257 295
1711028729601 -1.0980988885305654 296
1711028729640 -1.0787774306685893 297
1711028729690 -1.0611886749188648 298
1711028729733 -1.0420636971195814 299
1711028729769 -1.0231565048537123 300
1711028729809 -1.005075618169701 301
1711028729852 -0.9869757820247282 302
1711028729890 -0.9688604622668218 303
1711028729931 -0.9508938784485887 304
1711028729970 -0.9335509132694324 305
1711028730020 -0.9151857731428066 306
1711028730058 -0.8980890798555117 307
1711028730098 -0.8809508409626727 308
1711028730140 -0.863629015270309 309
1711028730178 -0.8464007315928048 310
1711028730223 -0.8297804254990628 311
1711028730265 -0.8132404507803088 312
1711028730305 -0.796642564158442 313
1711028730351 -0.7800139287017513 314
1711028730394 -0.7638677622689487 315
1711028730436 -0.7478934218856097 316
1711028730476 -0.7316391874521373 317
1711028730523 -0.7152406064274168 318
1711028730569 -0.7000919068534284 319
1711028730609 -0.6842770129203095 320
1711028730651 -0.6688148418376372 321
1711028730695 -0.6527945528998982 322
1711028730755 -0.6379528569701816 323
1711028730808 -0.6226243595604994 324
1711028730873 -0.6075248823685455 325
1711028730927 -0.5919691937582348 326
1711028730988 -0.5779673910164933 327
1711028731045 -0.5625670699630929 328
1711028731101 -0.5482691860455364 329
1711028731155 -0.5333318039084933 330
1711028731201 -0.5188383554359066 331
1711028731250 -0.5043521316331652 332
1711028731298 -0.4903005424150928 333
1711028731338 -0.475957429143514 334
1711028731388 -0.4622114368369006 335
1711028731427 -0.4479751730640771 336
1711028731468 -0.4339397538021834 337
1711028731510 -0.4209214210912624 338
1711028731560 -0.40685394696716104 339
1711028731624 -0.3928981842989838 340
1711028731677 -0.38022062018640823 341
1711028731738 -0.3667250227556602 342
1711028731793 -0.3533606522488193 343
1711028731837 -0.3398815968530675 344
1711028731881 -0.32691587282936085 345
1711028731924 -0.3144753519520702 346
1711028731969 -0.3016530608739787 347
1711028732018 -0.28940917189208903 348
1711028732075 -0.2762784737824868 349
1711028732116 -0.263680925747082 350
1711028732159 -0.2515226760551883 351
1711028732205 -0.23952419933768154 352
1711028732251 -0.22714498721540655 353
1711028732290 -0.2149758475903789 354
1711028732340 -0.20288412179644633 355
1711028732383 -0.19081918753785065 356
1711028732429 -0.17987554050780208 357
1711028732471 -0.16779887186182751 358
1711028732517 -0.1562315493920854 359
1711028732559 -0.14511407968266465 360
1711028732605 -0.13390541896287922 361
1711028732645 -0.12250934458121754 362
1711028732688 -0.1116366735622083 363
1711028732735 -0.10073311698273746 364
1711028732780 -0.0903167896803787 365
1711028732821 -0.0795071939662928 366
1711028732866 -0.06901620337935066 367
1711028732916 -0.05860174738522139 368
1711028732955 -0.04802069412428733 369
1711028733001 -0.0376348134480573 370
1711028733046 -0.02742537863300054 371
1711028733099 -0.017504392949224012 372
1711028733143 -0.007540354156472251 373
1711028733189 0.002590099902503362 374
1711028733230 0.012236142014816487 375
1711028733272 0.02168957268903371 376
1711028733315 0.03136416971013867 377
1711028733353 0.04088391906256472 378
1711028733398 0.05003973048471111 379
1711028733441 0.05868141753101597 380
1711028733480 0.06794810936266071 381
1711028733529 0.07706445783494686 382
1711028733593 0.08554257628132744 383
1711028733641 0.09410381759923458 384
1711028733690 0.10263149376700031 385
1711028733736 0.11148465732426871 386
1711028733800 0.11945449880274173 387
1711028733858 0.1278407697921886 388
1711028733912 0.13586459121929384 389
1711028733961 0.14407323983670983 390
1711028734001 0.15206982238586508 391
1711028734045 0.16001499308081923 392
1711028734097 0.16709422342547287 393
1711028734139 0.1750060379537185 394
1711028734185 0.1823541323350767 395
1711028734227 0.18993876813394062 396
1711028734266 0.19710812388037902 397
1711028734308 0.20432020124921357 398
1711028734351 0.21127809101393713 399
1711028734390 0.21822622605062103 400
1711028734434 0.22523007732021705 401
1711028734474 0.23192948900886123 402
1711028734523 0.23918057693118855 403
1711028734564 0.24592866365197819 404
1711028734612 0.252361183613661 405
1711028734651 0.2588724315244657 406
1711028734694 0.2655737892614052 407
1711028734742 0.27229857757675635 408
1711028734788 0.27841822918522163 409
1711028734833 0.28474816060246744 410
1711028734885 0.291133969612802 411
1711028734924 0.2972290329669146 412
1711028734973 0.3035209318163754 413
1711028735019 0.309357687705463 414
1711028735063 0.3151380055934182 415
1711028735103 0.32103442304427454 416
1711028735151 0.32707190267390696 417
1711028735195 0.3322756119031016 418
1711028735237 0.3381710861462901 419
1711028735280 0.34378963531380224 420
1711028735323 0.3491909173075711 421
1711028735365 0.3546302938664454 422
1711028735406 0.3600257260917432 423
1711028735447 0.36516594623127774 424
1711028735497 0.370269355653696 425
1711028735536 0.3754185819061959 426
1711028735577 0.38057535685355837 427
1711028735622 0.38570018497440084 428
1711028735665 0.39072138435240356 429
1711028735701 0.39566345637823896 430
1711028735743 0.4004660814988201 431
1711028735792 0.405646202297545 432
1711028735835 0.4104490155114717 433
1711028735883 0.41521588803485965 434
1711028735930 0.4200945598207496 435
1711028735971 0.4248322227427309 436
1711028736014 0.42941773835993624 437
1711028736060 0.4341133621963632 438
1711028736099 0.43864598395785814 439
1711028736140 0.4430404018949746 440
1711028736186 0.4475678398431743 441
1711028736225 0.4518048712743783 442
1711028736266 0.45606653033853906 443
1711028736316 0.46040672894369383 444
1711028736370 0.46459516312263904 445
1711028736411 0.46838037804640986 446
1711028736458 0.47266758376379725 447
1711028736509 0.476931290380445 448
1711028736591 0.48073555997967277 449
1711028736660 0.48480455945629486 450
1711028736720 0.48892604136548135 451
1711028736774 0.49277779521423315 452
1711028736827 0.4962939665408377 453
1711028736870 0.500275853000083 454
1711028736918 0.5041050986550635 455
1711028736958 0.5079076343930077 456
1711028737005 0.5115816261524274 457
1711028737050 0.5150580427757168 458
1711028737089 0.5188711073340637 459
1711028737130 0.5223950567655942 460
1711028737173 0.5261088401110429 461
1711028737215 0.529477672369474 462
1711028737259 0.5331094475544638 463
1711028737307 0.5363094943218483 464
1711028737366 0.539705282597565 465
1711028737419 0.543198384399532 466
1711028737466 0.5464720927889721 467
1711028737509 0.5497341060863186 468
1711028737552 0.5530120693059072 469
1711028737592 0.5562018157434443 470
1711028737638 0.5592635207903256 471
1711028737686 0.5622994022774017 472
1711028737732 0.5653942617519105 473
1711028737777 0.5683377672003396 474
1711028737822 0.5708868271417233 475
1711028737872 0.5738999876619058 476
1711028737917 0.5767870335680881 477
1711028737958 0.5795369049333292 478
1711028738003 0.5824148447220376 479
1711028738043 0.5852347180851285 480
1711028738086 0.588162933069232 481
1711028738127 0.5906974687083308 482
1711028738181 0.5936043071526551 483
1711028738220 0.5964329400679553 484
1711028738265 0.5990526790942723 485
1711028738312 0.6015049016329289 486
1711028738353 0.6045114562009386 487
1711028738401 0.6071165075755732 488
1711028738443 0.6095587839712475 489
1711028738487 0.611938549740832 490
1711028738534 0.6148377395423135 491
1711028738584 0.6172672351918475 492
1711028738623 0.6197000348460906 493
1711028738667 0.6220870068874017 494
1711028738710 0.6244410431058944 495
1711028738757 0.6271233896538582 496
1711028738801 0.6291328315352657 497
1711028738841 0.6315820978465383 498
1711028738882 0.6340318414535442 499
