1711028163764 4587.00390625 0
1711028163856 4501.66796875 1
1711028163922 4589.12060546875 2
1711028163980 4475.71240234375 3
1711028164023 4617.03955078125 4
1711028164066 4649.321044921875 5
1711028164109 4430.642822265625 6
1711028164161 4509.296142578125 7
1711028164205 4473.1650390625 8
1711028164254 4501.381103515625 9
1711028164301 4593.585693359375 10
1711028164355 4474.799560546875 11
1711028164397 4418.76806640625 12
1711028164439 4444.2939453125 13
1711028164481 4573.369140625 14
1711028164551 4401.77490234375 15
1711028164609 4400.767333984375 16
1711028164653 4524.431640625 17
1711028164698 4458.842529296875 18
1711028164767 4317.8455810546875 19
1711028164808 4264.8697509765625 20
1711028164849 4313.45068359375 21
1711028164890 4548.3939208984375 22
1711028164932 4332.976806640625 23
1711028164974 4305.03466796875 24
1711028165017 4271.371337890625 25
1711028165054 4256.7939453125 26
1711028165094 4273.837158203125 27
1711028165136 4312.837646484375 28
1711028165177 4308.590087890625 29
1711028165217 4249.574462890625 30
1711028165254 4168.706298828125 31
1711028165295 4296.812744140625 32
1711028165336 4176.0203857421875 33
1711028165375 4120.154052734375 34
1711028165416 4147.83984375 35
1711028165465 4115.975830078125 36
1711028165545 4100.9630126953125 37
1711028165626 4154.6031494140625 38
1711028165707 4073.656005859375 39
1711028165787 4130.815673828125 40
1711028165855 3967.761474609375 41
1711028165910 3969.19775390625 42
1711028165964 3953.1064453125 43
1711028166035 4079.0955810546875 44
1711028166126 3935.9161376953125 45
1711028166218 3986.06640625 46
1711028166290 3835.836669921875 47
1711028166363 3777.295654296875 48
1711028166414 3797.8228759765625 49
1711028166496 3845.686767578125 50
1711028166564 3768.223876953125 51
1711028166669 3783.7818603515625 52
1711028166769 3709.397216796875 53
1711028166851 3720.7681884765625 54
1711028166959 3693.776123046875 55
1711028167042 3576.515869140625 56
1711028167153 3579.8182373046875 57
1711028167224 3502.8470458984375 58
1711028167293 3542.1689453125 59
1711028167362 3591.9267578125 60
1711028167431 3536.73486328125 61
1711028167499 3492.6416015625 62
1711028167569 3503.3585205078125 63
1711028167647 3430.131591796875 64
1711028167712 3388.54931640625 65
1711028167781 3271.69189453125 66
1711028167849 3316.82373046875 67
1711028167910 3320.698486328125 68
1711028167956 3176.94384765625 69
1711028168004 3233.901611328125 70
1711028168052 3172.5902099609375 71
1711028168106 3225.5635986328125 72
1711028168152 3076.0587158203125 73
1711028168198 3060.64111328125 74
1711028168244 3034.374267578125 75
1711028168286 2988.9007568359375 76
1711028168327 2902.6007080078125 77
1711028168369 2909.981689453125 78
1711028168414 2806.0185546875 79
1711028168456 2772.27099609375 80
1711028168498 2786.890380859375 81
1711028168543 2756.9393310546875 82
1711028168585 2729.80078125 83
1711028168639 2679.4619140625 84
1711028168759 2687.209228515625 85
1711028168812 2642.651611328125 86
1711028168869 2579.263916015625 87
1711028168925 2535.76416015625 88
1711028168983 2487.8018798828125 89
1711028169042 2462.7630615234375 90
1711028169093 2390.5875244140625 91
1711028169143 2316.5535888671875 92
1711028169195 2316.451904296875 93
1711028169250 2294.907958984375 94
1711028169299 2312.96240234375 95
1711028169348 2312.875 96
1711028169391 2235.6395263671875 97
1711028169443 2182.0560302734375 98
1711028169489 2193.280517578125 99
1711028169535 2128.774169921875 100
1711028169583 2054.3139038085938 101
1711028169623 1988.3783569335938 102
1711028169670 1985.2379150390625 103
1711028169717 1953.2330322265625 104
1711028169777 1964.9759521484375 105
1711028169827 1953.230224609375 106
1711028169875 1879.3056030273438 107
1711028169925 2012.8642578125 108
1711028169973 1900.206298828125 109
1711028170017 1857.5465698242188 110
1711028170057 1787.574951171875 111
1711028170103 1758.7708740234375 112
1711028170150 1740.9769897460938 113
1711028170200 1786.1754150390625 114
1711028170252 1656.6165161132812 115
1711028170304 1631.73388671875 116
1711028170354 1689.3311157226562 117
1711028170406 1623.4679565429688 118
1711028170455 1710.5714111328125 119
1711028170500 1577.8865966796875 120
1711028170539 1613.5933227539062 121
1711028170588 1552.4423217773438 122
1711028170635 1508.6416015625 123
1711028170680 1481.7860107421875 124
1711028170724 1536.3523559570312 125
1711028170768 1463.0084838867188 126
1711028170812 1452.6449584960938 127
1711028170852 1477.8933715820312 128
1711028170901 1376.7700805664062 129
1711028170950 1484.2380981445312 130
1711028170996 1312.9022216796875 131
1711028171040 1386.9777221679688 132
1711028171084 1398.2673950195312 133
1711028171123 1339.6139526367188 134
1711028171170 1369.6165161132812 135
1711028171215 1263.1868896484375 136
1711028171256 1210.4397583007812 137
1711028171313 1278.7244873046875 138
1711028171368 1296.3939819335938 139
1711028171425 1259.9320068359375 140
1711028171516 1259.217529296875 141
1711028171556 1258.4513549804688 142
1711028171604 1273.1165771484375 143
1711028171647 1292.76025390625 144
1711028171690 1204.5189208984375 145
1711028171743 1193.6492309570312 146
1711028171784 1209.092041015625 147
1711028171827 1209.403564453125 148
1711028171872 1188.8027954101562 149
1711028171933 1133.7676696777344 150
1711028171977 1162.98974609375 151
1711028172031 1129.143310546875 152
1711028172079 1225.761962890625 153
1711028172120 1153.5790405273438 154
1711028172159 1100.6446228027344 155
1711028172201 1120.3997802734375 156
1711028172241 1106.4576416015625 157
1711028172282 1142.4927368164062 158
1711028172320 1037.6791381835938 159
1711028172364 1134.17529296875 160
1711028172405 1141.9292907714844 161
1711028172446 1100.6033325195312 162
1711028172486 1103.1847534179688 163
1711028172527 1087.6298217773438 164
1711028172567 1063.7501525878906 165
1711028172607 1044.7044982910156 166
1711028172645 1123.045166015625 167
1711028172686 1090.4484252929688 168
1711028172732 1109.3866271972656 169
1711028172780 1011.7315979003906 170
1711028172828 1079.522216796875 171
1711028174225 1053.6497192382812 172
1711028174270 1041.1405639648438 173
1711028174310 1049.3904418945312 174
1711028174353 963.9747009277344 175
1711028174395 1000.1522521972656 176
1711028174455 1070.3794860839844 177
1711028174495 1066.7397155761719 178
1711028174535 1090.3074035644531 179
1711028174578 1018.5325927734375 180
1711028174624 1005.5871276855469 181
1711028174671 1039.4338989257812 182
1711028174713 956.9422912597656 183
1711028174769 976.8234558105469 184
1711028174820 1006.9324951171875 185
1711028174870 1001.6875 186
1711028174917 925.1690673828125 187
1711028174963 962.6826477050781 188
1711028175005 992.2335510253906 189
1711028175062 943.1582641601562 190
1711028175103 924.5135803222656 191
1711028175147 950.9734497070312 192
1711028175193 917.6694030761719 193
1711028175249 891.8168640136719 194
1711028175295 909.4336853027344 195
1711028175344 903.9197387695312 196
1711028175394 943.219482421875 197
1711028175442 857.1105346679688 198
1711028175482 935.6090393066406 199
1711028175523 916.7225036621094 200
1711028175573 931.3111572265625 201
1711028175628 890.20556640625 202
1711028175682 853.4279174804688 203
1711028175734 918.6670532226562 204
1711028175790 959.4234008789062 205
1711028175853 878.6941223144531 206
1711028175923 892.7632751464844 207
1711028175989 923.0172424316406 208
1711028176063 888.2818298339844 209
1711028176133 876.6002197265625 210
1711028176194 901.2947082519531 211
1711028176272 895.923583984375 212
1711028176360 852.8187561035156 213
1711028176447 881.3162231445312 214
1711028176515 818.7173461914062 215
1711028176603 821.9504699707031 216
1711028176680 820.7070007324219 217
1711028176763 855.4289855957031 218
1711028176847 845.1477355957031 219
1711028176924 846.8976440429688 220
1711028177001 788.2996215820312 221
1711028177073 809.7366333007812 222
1711028177134 796.6634826660156 223
1711028177202 778.7010192871094 224
1711028177259 821.6697998046875 225
1711028177323 768.9455871582031 226
1711028177401 813.8782043457031 227
1711028177471 768.3770751953125 228
1711028177538 776.4061889648438 229
1711028177592 777.0575561523438 230
1711028177664 772.9454956054688 231
1711028177731 770.4317321777344 232
1711028177805 736.1509399414062 233
1711028177878 770.3415832519531 234
1711028177953 757.3863830566406 235
1711028178031 733.6025390625 236
1711028178107 755.150146484375 237
1711028178187 772.5831298828125 238
1711028178253 737.0119934082031 239
1711028178299 721.5388793945312 240
1711028178351 730.7586669921875 241
1711028178413 709.3457336425781 242
1711028178483 758.2833862304688 243
1711028178550 705.2582397460938 244
1711028178601 713.8653259277344 245
1711028178669 685.9248352050781 246
1711028178736 714.6030578613281 247
1711028178796 701.7059936523438 248
1711028178839 702.4992980957031 249
1711028178886 693.09375 250
1711028178929 703.5673522949219 251
1711028178972 668.7356567382812 252
1711028179014 655.2046508789062 253
1711028179075 655.8548889160156 254
1711028179131 643.1249389648438 255
1711028179181 602.6019134521484 256
1711028179237 660.9601745605469 257
1711028179299 645.72412109375 258
1711028179345 662.7091979980469 259
1711028179389 602.3487091064453 260
1711028179438 604.0294647216797 261
1711028179505 664.4658508300781 262
1711028179617 618.1725769042969 263
1711028179666 598.5103759765625 264
1711028179718 629.5644836425781 265
1711028179763 616.7743530273438 266
1711028179803 632.2649841308594 267
1711028179849 574.7519836425781 268
1711028179896 607.5446166992188 269
1711028179942 618.9572448730469 270
1711028179984 600.0848693847656 271
1711028180027 614.1622314453125 272
1711028180076 585.0715026855469 273
1711028180119 577.2577209472656 274
1711028180161 575.9779968261719 275
1711028180205 568.3956604003906 276
1711028180267 545.9963684082031 277
1711028180351 541.0613403320312 278
1711028180445 545.5240478515625 279
1711028180525 530.9494476318359 280
1711028180595 569.8045654296875 281
1711028180660 549.2674560546875 282
1711028180706 516.0623626708984 283
1711028180772 504.1636657714844 284
1711028180821 545.0230865478516 285
1711028180865 499.7815246582031 286
1711028180915 569.6926116943359 287
1711028180968 536.4213409423828 288
1711028181020 515.7556762695312 289
1711028181063 522.5427093505859 290
1711028181115 550.8452301025391 291
1711028181163 489.87921142578125 292
1711028181203 472.8371124267578 293
1711028181249 496.82115173339844 294
1711028181300 465.9237060546875 295
1711028181398 498.9936828613281 296
1711028181444 469.4927215576172 297
1711028181501 466.7877502441406 298
1711028181559 462.6897888183594 299
1711028181607 461.5717468261719 300
1711028181649 453.68601989746094 301
1711028181695 458.4257507324219 302
1711028181751 452.1555480957031 303
1711028181809 458.95770263671875 304
1711028181988 446.9311981201172 305
1711028182053 493.9083251953125 306
1711028182175 437.17539978027344 307
1711028182267 440.76324462890625 308
1711028182314 447.0445098876953 309
1711028182371 425.89796447753906 310
1711028182449 415.4828338623047 311
1711028182526 402.45074462890625 312
1711028182570 412.13600158691406 313
1711028182616 431.68653869628906 314
1711028182663 407.215087890625 315
1711028182703 415.25111389160156 316
1711028182749 395.1814270019531 317
1711028182798 415.8802032470703 318
1711028182839 427.9267272949219 319
1711028182892 376.96624755859375 320
1711028182939 407.46087646484375 321
1711028182992 391.6890869140625 322
1711028183039 395.08299255371094 323
1711028183089 379.87501525878906 324
1711028183137 380.0784606933594 325
1711028183181 377.70835876464844 326
1711028183220 374.55335998535156 327
1711028183262 397.85728454589844 328
1711028183306 349.7279968261719 329
1711028183347 370.62281799316406 330
1711028183396 349.7198181152344 331
1711028183448 357.7708282470703 332
1711028183487 334.6942138671875 333
1711028183557 338.5779113769531 334
1711028183598 342.97840881347656 335
1711028183639 332.70916748046875 336
1711028183681 348.07958984375 337
1711028183721 312.2361755371094 338
1711028183763 350.8232727050781 339
1711028183805 314.6984405517578 340
1711028183846 339.4387664794922 341
1711028183886 318.06451416015625 342
1711028183930 310.9751434326172 343
1711028183969 332.95472717285156 344
1711028184010 310.3018493652344 345
1711028184049 321.9427795410156 346
1711028184088 298.7156219482422 347
1711028184130 295.98692321777344 348
1711028184170 284.4658737182617 349
1711028184222 303.38563537597656 350
1711028184267 299.0694274902344 351
1711028184313 322.7628707885742 352
1711028184400 286.39552307128906 353
1711028184488 319.33616638183594 354
1711028184565 301.79991149902344 355
1711028184642 278.3063049316406 356
1711028184706 261.18141174316406 357
1711028184771 285.5976867675781 358
1711028184842 271.1797790527344 359
1711028184897 270.6505432128906 360
1711028184964 259.61712646484375 361
1711028185008 258.34674072265625 362
1711028185049 257.79622650146484 363
1711028185102 260.0019073486328 364
1711028185209 260.8960266113281 365
1711028185248 265.9237060546875 366
1711028185285 249.01398468017578 367
1711028185329 239.05984497070312 368
1711028185369 262.2992401123047 369
1711028185414 252.85829162597656 370
1711028185455 251.05677032470703 371
1711028185501 258.3789749145508 372
1711028185548 251.30220794677734 373
1711028185610 249.0136260986328 374
1711028185657 260.42515563964844 375
1711028185697 234.25452423095703 376
1711028185751 235.59315490722656 377
1711028185799 233.5599822998047 378
1711028185840 238.69606018066406 379
1711028185888 237.4767303466797 380
1711028185928 218.9752960205078 381
1711028185969 209.9218292236328 382
1711028186011 229.5547103881836 383
1711028186051 213.8823699951172 384
1711028186097 212.5496063232422 385
1711028186145 208.8850555419922 386
1711028186185 233.15667724609375 387
1711028186228 221.52535247802734 388
1711028186266 206.90174102783203 389
1711028186305 201.6179428100586 390
1711028186346 215.2851104736328 391
1711028186386 222.32746124267578 392
1711028186426 209.18447875976562 393
1711028186465 197.32099151611328 394
1711028186507 204.58905029296875 395
1711028186548 194.60651397705078 396
1711028186591 200.53832244873047 397
1711028186641 186.23703002929688 398
1711028186680 194.86211395263672 399
1711028186719 208.47586059570312 400
1711028186763 198.73660278320312 401
1711028186803 192.6855926513672 402
1711028186845 171.00933456420898 403
1711028186886 194.7498550415039 404
1711028186930 185.86264038085938 405
1711028186975 181.6975555419922 406
1711028187015 176.0924530029297 407
1711028187064 186.6624984741211 408
1711028187106 170.88326263427734 409
1711028187148 159.7654266357422 410
1711028187197 175.0011749267578 411
1711028187247 168.4431610107422 412
1711028187287 172.72560119628906 413
1711028187330 168.70572662353516 414
1711028187372 161.10296630859375 415
1711028187413 166.45775604248047 416
1711028187452 173.9751739501953 417
1711028187502 164.00355529785156 418
1711028187545 160.5762710571289 419
1711028187583 166.3477325439453 420
1711028187628 169.2211456298828 421
1711028187675 156.02835845947266 422
1711028187718 163.10769653320312 423
1711028187761 156.08304595947266 424
1711028187802 159.1982879638672 425
1711028187857 160.0872344970703 426
1711028187903 152.75830078125 427
1711028187944 144.8648796081543 428
1711028187985 158.99369049072266 429
1711028188031 155.8822479248047 430
1711028188079 157.15457916259766 431
1711028188135 139.4565887451172 432
1711028188180 141.40969848632812 433
1711028188229 137.9548225402832 434
1711028188274 147.314453125 435
1711028188322 142.6489715576172 436
1711028188367 143.3824234008789 437
1711028188410 140.05027770996094 438
1711028188451 143.2376480102539 439
1711028188497 137.99425506591797 440
1711028188542 136.6942901611328 441
1711028188588 144.74933242797852 442
1711028188634 141.2982406616211 443
1711028188673 130.38404846191406 444
1711028188725 128.68911743164062 445
1711028188765 128.5521011352539 446
1711028188809 125.6178970336914 447
1711028188858 134.21990966796875 448
1711028188904 136.2688980102539 449
1711028188951 133.77954864501953 450
1711028188998 128.92958068847656 451
1711028189046 123.24205780029297 452
1711028189096 126.45218658447266 453
1711028189145 119.54608917236328 454
1711028189190 117.31264114379883 455
1711028189232 123.32031631469727 456
1711028189280 124.31867599487305 457
1711028189325 123.61988067626953 458
1711028189370 124.6751823425293 459
1711028189420 116.15425872802734 460
1711028189470 127.03431701660156 461
1711028189514 119.96965789794922 462
1711028189563 119.93581771850586 463
1711028189611 121.1362075805664 464
1711028189654 122.85274124145508 465
1711028189699 111.23686981201172 466
1711028189747 120.8815689086914 467
1711028189791 105.37256622314453 468
1711028189830 106.94625091552734 469
1711028189878 115.14876937866211 470
1711028189925 108.86784362792969 471
1711028189967 104.1715202331543 472
1711028190012 113.84345245361328 473
1711028190060 103.21065902709961 474
1711028190099 105.75240325927734 475
1711028190147 104.6223030090332 476
1711028190193 112.59759521484375 477
1711028190236 97.65377426147461 478
1711028190282 110.10093307495117 479
1711028190332 107.34422302246094 480
1711028190374 102.52720260620117 481
1711028190422 112.06970596313477 482
1711028190466 97.12252044677734 483
1711028190511 97.68838500976562 484
1711028190556 106.83307266235352 485
1711028190606 107.89955139160156 486
1711028190650 105.59012603759766 487
1711028190697 100.58960723876953 488
1711028190750 105.28994750976562 489
1711028190805 96.28958129882812 490
1711028190857 93.45355224609375 491
1711028190897 98.39401626586914 492
1711028190944 94.87267303466797 493
1711028191007 93.71088409423828 494
1711028191050 98.28739166259766 495
1711028191094 92.32770156860352 496
1711028191136 92.5861587524414 497
1711028191184 93.97694396972656 498
1711028191228 90.7540168762207 499
