1711028163816 -18.495590605548045 0
1711028163885 -18.458779132486416 1
1711028163951 -18.42087576116955 2
1711028163998 -18.385175492895613 3
1711028164042 -18.3464749140313 4
1711028164085 -18.309048205237428 5
1711028164136 -18.27417630711356 6
1711028164177 -18.236500001096964 7
1711028164228 -18.19846116878927 8
1711028164275 -18.160568834395907 9
1711028164325 -18.120018670860997 10
1711028164371 -18.0824150533328 11
1711028164417 -18.041649855714276 12
1711028164455 -17.999812993302086 13
1711028164496 -17.955809932559937 14
1711028164584 -17.914771662699756 15
1711028164627 -17.868618614109042 16
1711028164669 -17.820262656483816 17
1711028164744 -17.77396050164333 18
1711028164786 -17.72439448385624 19
1711028164823 -17.674681838815864 20
1711028164866 -17.621304283087973 21
1711028164907 -17.563623143645234 22
1711028164948 -17.51102273714971 23
1711028164993 -17.453694714589655 24
1711028165032 -17.393250280872074 25
1711028165070 -17.333470991553035 26
1711028165109 -17.27005397967103 27
1711028165154 -17.202998315602375 28
1711028165195 -17.134245689515527 29
1711028165231 -17.067450384747833 30
1711028165270 -16.997809784812695 31
1711028165311 -16.919934583674753 32
1711028165353 -16.84656210781212 33
1711028165391 -16.771214275930856 34
1711028165433 -16.687602154169266 35
1711028165502 -16.606921901138424 36
1711028165576 -16.521185352137735 37
1711028165661 -16.433440966875274 38
1711028165741 -16.34528520022892 39
1711028165820 -16.251518241193956 40
1711028165876 -16.161876132921442 41
1711028165933 -16.06160832624326 42
1711028165993 -15.964057421576257 43
1711028166069 -15.861014079230781 44
1711028166159 -15.759307996512742 45
1711028166253 -15.650082893790785 46
1711028166329 -15.546375781273078 47
1711028166385 -15.437638922299023 48
1711028166439 -15.32625105681289 49
1711028166523 -15.20935758532671 50
1711028166613 -15.09481013372569 51
1711028166696 -14.973393126866497 52
1711028166790 -14.858610270297666 53
1711028166911 -14.735156261244079 54
1711028166994 -14.612009235487404 55
1711028167079 -14.482258912168426 56
1711028167185 -14.356782861125357 57
1711028167255 -14.22794125977747 58
1711028167322 -14.096298510956156 59
1711028167390 -13.953459662804109 60
1711028167463 -13.823302028236236 61
1711028167532 -13.68509859364664 62
1711028167608 -13.543290481247835 63
1711028167674 -13.400929681970624 64
1711028167740 -13.25943759312224 65
1711028167809 -13.113073629475519 66
1711028167883 -12.962444357011398 67
1711028167931 -12.822641154580682 68
1711028167975 -12.67136305732915 69
1711028168023 -12.517323553343036 70
1711028168076 -12.364169114426183 71
1711028168123 -12.212708843267345 72
1711028168173 -12.061688274680025 73
1711028168219 -11.911886406365708 74
1711028168261 -11.751634188229 75
1711028168304 -11.603708818538207 76
1711028168343 -11.439255352086882 77
1711028168387 -11.29356770246936 78
1711028168434 -11.136120643334369 79
1711028168472 -10.98066000947624 80
1711028168518 -10.825471468386706 81
1711028168558 -10.675765264412224 82
1711028168602 -10.51713418535676 83
1711028168660 -10.36019221569392 84
1711028168784 -10.21155374514802 85
1711028168837 -10.061411322669917 86
1711028168888 -9.90892214772277 87
1711028168951 -9.756604885119467 88
1711028169013 -9.605200911432014 89
1711028169067 -9.455459589575593 90
1711028169118 -9.304447493026142 91
1711028169161 -9.162353780864487 92
1711028169214 -9.013780185252557 93
1711028169270 -8.871449005099514 94
1711028169320 -8.726318660249209 95
1711028169366 -8.58556586600312 96
1711028169412 -8.440656662459846 97
1711028169465 -8.308436306866838 98
1711028169506 -8.166866246674017 99
1711028169556 -8.034816162563267 100
1711028169599 -7.899682374912803 101
1711028169644 -7.766211173671316 102
1711028169688 -7.640609574964337 103
1711028169740 -7.508327064711768 104
1711028169802 -7.382909404582522 105
1711028169851 -7.258568291552955 106
1711028169899 -7.138641516550839 107
1711028169946 -7.017744267935047 108
1711028169989 -6.89949018583652 109
1711028170033 -6.7855062726179085 110
1711028170076 -6.671548466878419 111
1711028170124 -6.560325092135132 112
1711028170168 -6.45208273224907 113
1711028170220 -6.345573292766311 114
1711028170274 -6.242641191775417 115
1711028170323 -6.141715663383175 116
1711028170378 -6.044550373463884 117
1711028170423 -5.947397720347484 118
1711028170475 -5.852438993034692 119
1711028170516 -5.762692230858958 120
1711028170558 -5.671923952784292 121
1711028170607 -5.587819904159994 122
1711028170654 -5.500350499613168 123
1711028170700 -5.419273860217643 124
1711028170741 -5.341742270921713 125
1711028170785 -5.261903459233969 126
1711028170828 -5.185303604414433 127
1711028170872 -5.11328257585944 128
1711028170920 -5.043391404960536 129
1711028170971 -4.970233848207345 130
1711028171015 -4.908156126883611 131
1711028171058 -4.840235301898857 132
1711028171100 -4.777606852022183 133
1711028171143 -4.717353265401154 134
1711028171190 -4.660400128548552 135
1711028171233 -4.602150114693785 136
1711028171273 -4.548227251194612 137
1711028171337 -4.49690639901259 138
1711028171400 -4.445518437343487 139
1711028171490 -4.396259122764318 140
1711028171532 -4.352874045578703 141
1711028171581 -4.304290721050474 142
1711028171620 -4.261596221898333 143
1711028171666 -4.2196875167061725 144
1711028171717 -4.179068192865322 145
1711028171759 -4.138307609317438 146
1711028171802 -4.101557162508784 147
1711028171849 -4.063790892823296 148
1711028171897 -4.026504000652454 149
1711028171950 -3.995375935046024 150
1711028171999 -3.95856578397793 151
1711028172049 -3.9251428956784453 152
1711028172098 -3.8948943378685623 153
1711028172135 -3.8631097894490667 154
1711028172177 -3.8335120588186706 155
1711028172219 -3.803685257451714 156
1711028172262 -3.7761434750902954 157
1711028172298 -3.747613490175593 158
1711028172338 -3.72154970098389 159
1711028172382 -3.693917452281208 160
1711028172420 -3.6683685630954486 161
1711028172465 -3.643295724075659 162
1711028172501 -3.619689789173412 163
1711028172543 -3.594612631684803 164
1711028172582 -3.5708134362619726 165
1711028172621 -3.548948784726994 166
1711028172664 -3.524241288066942 167
1711028172702 -3.5011784546144016 168
1711028172753 -3.4795039381150206 169
1711028172801 -3.459527574279994 170
1711028174172 -3.4364058934188035 171
1711028174249 -3.4141222052023075 172
1711028174286 -3.394279388572226 173
1711028174327 -3.3730423503476166 174
1711028174368 -3.3537352562234624 175
1711028174432 -3.3323117983977024 176
1711028174470 -3.312254943187579 177
1711028174514 -3.2913698999707917 178
1711028174553 -3.2720971780304184 179
1711028174599 -3.252111499409761 180
1711028174644 -3.232425119154793 181
1711028174686 -3.2123475905880543 182
1711028174730 -3.19397789297395 183
1711028174794 -3.172576094607707 184
1711028174839 -3.153487454645144 185
1711028174888 -3.133327519654311 186
1711028174935 -3.114874005476346 187
1711028174979 -3.0956576278832513 188
1711028175030 -3.0755811047773642 189
1711028175079 -3.0575655271385314 190
1711028175119 -3.0387814876806525 191
1711028175167 -3.0191238779419463 192
1711028175219 -3.000507883284987 193
1711028175267 -2.9827884000572915 194
1711028175316 -2.964042662968752 195
1711028175361 -2.945878171120273 196
1711028175417 -2.926275581704526 197
1711028175460 -2.90977200323711 198
1711028175498 -2.8902751988838298 199
1711028175545 -2.8722856181076364 200
1711028175596 -2.8534216449975593 201
1711028175648 -2.8367374283649522 202
1711028175707 -2.8185662242084377 203
1711028175755 -2.7986847466790357 204
1711028175820 -2.7799557880928054 205
1711028175883 -2.7629305392112564 206
1711028175954 -2.743811401246474 207
1711028176019 -2.7256189546678513 208
1711028176097 -2.7070400080528416 209
1711028176161 -2.6878757087393903 210
1711028176215 -2.6692673226974053 211
1711028176306 -2.650109633144555 212
1711028176390 -2.6319164539737403 213
1711028176481 -2.6128517021213127 214
1711028176556 -2.5944390628520995 215
1711028176640 -2.5753681611609354 216
1711028176719 -2.556446884285124 217
1711028176806 -2.538340039453057 218
1711028176885 -2.518820623433836 219
1711028176957 -2.4997213983420363 220
1711028177034 -2.4821040934668996 221
1711028177102 -2.4621482422068515 222
1711028177170 -2.4433141348956706 223
1711028177229 -2.4238933083613587 224
1711028177282 -2.4050271247780977 225
1711028177353 -2.3860486235813796 226
1711028177437 -2.366191691680816 227
1711028177504 -2.3473911895500645 228
1711028177556 -2.328464191731605 229
1711028177624 -2.308763980508733 230
1711028177696 -2.289179858186669 231
1711028177763 -2.2698679009811173 232
1711028177843 -2.2507643299749063 233
1711028177906 -2.231385718055212 234
1711028177988 -2.211392967618676 235
1711028178066 -2.1930214224867033 236
1711028178146 -2.173203656597274 237
1711028178219 -2.153600430658496 238
1711028178270 -2.1343131031003257 239
1711028178322 -2.1152343269458713 240
1711028178369 -2.0957569535197167 241
1711028178441 -2.075974382047972 242
1711028178509 -2.0562289042768715 243
1711028178570 -2.0382264124761673 244
1711028178631 -2.017277893755349 245
1711028178699 -1.9983955043232826 246
1711028178766 -1.978298357133888 247
1711028178817 -1.9590624108833055 248
1711028178856 -1.9387485134957188 249
1711028178902 -1.9196167485018276 250
1711028178946 -1.8997123494671184 251
1711028178991 -1.8794376648004536 252
1711028179035 -1.859557872474963 253
1711028179102 -1.8405089344768792 254
1711028179154 -1.8199743766015506 255
1711028179203 -1.8012467502455216 256
1711028179263 -1.7807885049001637 257
1711028179319 -1.7615318801328579 258
1711028179365 -1.7428168261643422 259
1711028179408 -1.7232723432026504 260
1711028179458 -1.7040276818712847 261
1711028179544 -1.6835591885967092 262
1711028179644 -1.6648751412018736 263
1711028179693 -1.6461173901510988 264
1711028179734 -1.6260804557962976 265
1711028179778 -1.607394117622277 266
1711028179822 -1.5873873953794733 267
1711028179865 -1.570077781242853 268
1711028179915 -1.5490626831235477 269
1711028179961 -1.5300524518561391 270
1711028180001 -1.5108181142173516 271
1711028180047 -1.4911094608525661 272
1711028180096 -1.4726322102684453 273
1711028180135 -1.4534512423388688 274
1711028180178 -1.4344040183883138 275
1711028180227 -1.4151751469613085 276
1711028180308 -1.3964662620602115 277
1711028180402 -1.3774316215104325 278
1711028180484 -1.3587169437999846 279
1711028180554 -1.3402609251046576 280
1711028180630 -1.3211954468820273 281
1711028180677 -1.3027896310022893 282
1711028180736 -1.285407904938582 283
1711028180794 -1.266607063928661 284
1711028180841 -1.248318593970334 285
1711028180883 -1.2307272612911255 286
1711028180937 -1.2118124796008907 287
1711028180996 -1.1936249950915712 288
1711028181036 -1.177117369781051 289
1711028181080 -1.1586273928106854 290
1711028181136 -1.140270237829864 291
1711028181180 -1.123249117799885 292
1711028181221 -1.1065231448983122 293
1711028181271 -1.087851632635393 294
1711028181321 -1.0709616929202666 295
1711028181418 -1.0526479235803676 296
1711028181465 -1.0364403033594352 297
1711028181531 -1.018646678679227 298
1711028181581 -1.001668287521008 299
1711028181624 -0.9849360102708569 300
1711028181668 -0.9677490706531375 301
1711028181722 -0.9515644694875751 302
1711028181781 -0.9349210658545928 303
1711028181920 -0.9185237426479775 304
1711028182028 -0.9021299671120226 305
1711028182073 -0.8851699027470818 306
1711028182231 -0.8700183229231226 307
1711028182284 -0.8535628537766589 308
1711028182330 -0.8370678580997704 309
1711028182402 -0.8218045920534824 310
1711028182482 -0.8058578956604092 311
1711028182548 -0.7906456877759724 312
1711028182587 -0.774530734331984 313
1711028182633 -0.7588305129800454 314
1711028182679 -0.7438442991672731 315
1711028182720 -0.7282974815412258 316
1711028182769 -0.7140344073143263 317
1711028182813 -0.6982189911565739 318
1711028182866 -0.6830482609650388 319
1711028182914 -0.6695023976218235 320
1711028182960 -0.653520657002626 321
1711028183017 -0.6386875186385141 322
1711028183056 -0.6242622105365478 323
1711028183107 -0.6101127323127324 324
1711028183156 -0.5955023061763163 325
1711028183196 -0.5805267620958245 326
1711028183237 -0.5664013147804132 327
1711028183277 -0.5520161268846093 328
1711028183326 -0.5385816981005442 329
1711028183371 -0.5242038249824317 330
1711028183421 -0.5103081581743916 331
1711028183463 -0.49648994158937154 332
1711028183517 -0.483348171794314 333
1711028183573 -0.4694479975670818 334
1711028183616 -0.45663758175168234 335
1711028183655 -0.44329379438054217 336
1711028183696 -0.43016704563355224 337
1711028183736 -0.4176543144349647 338
1711028183780 -0.4040523457763163 339
1711028183822 -0.39201234122918716 340
1711028183863 -0.37885004452040594 341
1711028183903 -0.36667326478906404 342
1711028183945 -0.3545613719393921 343
1711028183987 -0.34147230106884807 344
1711028184025 -0.32981158259283183 345
1711028184066 -0.317674576132593 346
1711028184104 -0.3060997139205306 347
1711028184147 -0.29362869850588047 348
1711028184189 -0.2827417453101868 349
1711028184239 -0.270549534553441 350
1711028184284 -0.25871487577482855 351
1711028184335 -0.24722794883872612 352
1711028184437 -0.236708342516327 353
1711028184520 -0.22457937830352015 354
1711028184601 -0.21396150394041435 355
1711028184666 -0.20306732316102338 356
1711028184733 -0.19215132900392984 357
1711028184805 -0.18078686908551855 358
1711028184868 -0.1703282921537581 359
1711028184923 -0.15986392734851007 360
1711028184983 -0.1497837991758082 361
1711028185028 -0.13902050098550656 362
1711028185066 -0.12886381944668734 363
1711028185124 -0.11869492960470929 364
1711028185227 -0.10870558136576536 365
1711028185263 -0.09888207821043471 366
1711028185302 -0.08930734493235115 367
1711028185346 -0.07970133474872698 368
1711028185390 -0.0695367983702575 369
1711028185430 -0.06018690629371615 370
1711028185478 -0.050921952137867654 371
1711028185516 -0.04119258232295886 372
1711028185573 -0.032102230776219765 373
1711028185633 -0.02249775072232918 374
1711028185676 -0.013408458502589093 375
1711028185714 -0.004562476929026449 376
1711028185770 0.004880136637554711 377
1711028185814 0.013438721475625859 378
1711028185863 0.022411939389331836 379
1711028185905 0.030734262050268968 380
1711028185944 0.039234300449074166 381
1711028185987 0.04780976802608916 382
1711028186029 0.056474798176649244 383
1711028186066 0.06432551814411613 384
1711028186116 0.0723519018005635 385
1711028186161 0.08035101017493385 386
1711028186204 0.08856526358053418 387
1711028186244 0.09618091164176634 388
1711028186282 0.10383471198527516 389
1711028186322 0.1112892920972145 390
1711028186361 0.11908661890854899 391
1711028186403 0.12658664093983374 392
1711028186441 0.13394137844798992 393
1711028186482 0.14080075301356154 394
1711028186524 0.14876717549996155 395
1711028186563 0.15575366903423749 396
1711028186616 0.16276202633775394 397
1711028186656 0.16962939579647018 398
1711028186696 0.1769354097385213 399
1711028186736 0.18389261632223253 400
1711028186781 0.19049439538924273 401
1711028186819 0.19717390403982615 402
1711028186862 0.2036766569340247 403
1711028186904 0.2106710867433509 404
1711028186948 0.21663726110654358 405
1711028186990 0.22334588549195356 406
1711028187035 0.2297351042209107 407
1711028187083 0.23603338017054476 408
1711028187126 0.24151431619553254 409
1711028187165 0.24795432012964724 410
1711028187219 0.2543218275122112 411
1711028187264 0.2598399105844318 412
1711028187304 0.26607063545710863 413
1711028187348 0.2716187258634183 414
1711028187389 0.2775205236937963 415
1711028187428 0.28304185978308216 416
1711028187471 0.28889026696786546 417
1711028187520 0.2943167036919746 418
1711028187560 0.29977591632414957 419
1711028187601 0.30569962837683595 420
1711028187648 0.3112676347542048 421
1711028187696 0.3165788721001416 422
1711028187734 0.3222366131349994 423
1711028187777 0.3272526097714521 424
1711028187827 0.3330471432815021 425
1711028187880 0.33804820159978055 426
1711028187918 0.3431057494881201 427
1711028187963 0.3481658134054074 428
1711028188002 0.353856048311472 429
1711028188048 0.3585033389374639 430
1711028188102 0.36372172237045 431
1711028188156 0.36821227763023257 432
1711028188199 0.37345696442596865 433
1711028188252 0.37804171322850333 434
1711028188295 0.3828263631417139 435
1711028188346 0.38732268890991417 436
1711028188383 0.3921857330008859 437
1711028188426 0.3966702529953934 438
1711028188475 0.40117902249903903 439
1711028188517 0.4056363599334347 440
1711028188563 0.410096293370683 441
1711028188606 0.4146158886198891 442
1711028188649 0.4188575440824708 443
1711028188698 0.42313818263806957 444
1711028188741 0.4274094556813285 445
1711028188783 0.4314286954801011 446
1711028188830 0.4356886958289856 447
1711028188877 0.4398189252433298 448
1711028188929 0.4438168920818456 449
1711028188971 0.4477889985735247 450
1711028189021 0.4515735498378919 451
1711028189072 0.45528948329768726 452
1711028189114 0.4596422964433724 453
1711028189162 0.4633706730408186 454
1711028189205 0.467110106037961 455
1711028189254 0.47078361516638645 456
1711028189298 0.47473847649193757 457
1711028189346 0.4783202991096527 458
1711028189392 0.4818554978465531 459
1711028189444 0.4852877252060065 460
1711028189487 0.48894685388166015 461
1711028189534 0.4923670972503158 462
1711028189585 0.49584721725902425 463
1711028189633 0.499304239846577 464
1711028189674 0.5027610107281701 465
1711028189718 0.5059992144381261 466
1711028189766 0.5094776908190837 467
1711028189806 0.5124064401549093 468
1711028189851 0.5158761793195874 469
1711028189899 0.5191363764111536 470
1711028189943 0.5221202618795957 471
1711028189983 0.5252795052574104 472
1711028190031 0.5284125589193109 473
1711028190074 0.5314126849610754 474
1711028190122 0.534488978608239 475
1711028190168 0.5371948481614093 476
1711028190214 0.5401555596177016 477
1711028190252 0.5428643459492206 478
1711028190302 0.5459343405213117 479
1711028190349 0.5488056621359869 480
1711028190398 0.551502375510798 481
1711028190440 0.5543676880946742 482
1711028190482 0.5571272589723066 483
1711028190528 0.5600248741758618 484
1711028190575 0.5628328759364043 485
1711028190627 0.5654435630318508 486
1711028190668 0.568298986291311 487
1711028190717 0.5709150552426839 488
1711028190780 0.5737516586020628 489
1711028190829 0.5762751743130241 490
1711028190871 0.5787880350851597 491
1711028190917 0.5815141836294803 492
1711028190977 0.584036515878898 493
1711028191025 0.5865414798943757 494
1711028191070 0.5891800135830565 495
1711028191109 0.5914171562303531 496
1711028191157 0.5939440662739424 497
1711028191204 0.5964437965869234 498
1711028191245 0.5987426607744482 499
