1711051620743 -18.59405280549228 0
1711051620795 -18.55868947864893 1
1711051620844 -18.523119107096527 2
1711051620893 -18.4884311747633 3
1711051620937 -18.453808186748994 4
1711051620981 -18.418214461432918 5
1711051621024 -18.38454185869811 6
1711051621072 -18.350320171713495 7
1711051621117 -18.313742230899507 8
1711051621159 -18.278222996733405 9
1711051621206 -18.244013233182994 10
1711051621275 -18.206096507619815 11
1711051621337 -18.16891226354463 12
1711051621390 -18.13032441974028 13
1711051621442 -18.092500629599876 14
1711051621488 -18.050823910360965 15
1711051621543 -18.010189081012225 16
1711051621586 -17.966849701521777 17
1711051621631 -17.92365167872251 18
1711051621676 -17.877931018316385 19
1711051621722 -17.830949117249112 20
1711051621778 -17.7821583139993 21
1711051621820 -17.730204136081273 22
1711051621864 -17.678643722504688 23
1711051621910 -17.626069779296696 24
1711051621957 -17.5691805768393 25
1711051622004 -17.511017326470412 26
1711051622052 -17.452617932823884 27
1711051622097 -17.389960342654778 28
1711051622145 -17.32813518064521 29
1711051622192 -17.26058170713567 30
1711051622241 -17.19031654559127 31
1711051622291 -17.12323539636087 32
1711051622339 -17.049725414335295 33
1711051622384 -16.97371871907812 34
1711051622430 -16.897095745293438 35
1711051622478 -16.818615316024303 36
1711051622527 -16.73468690125615 37
1711051622574 -16.651401683683922 38
1711051622622 -16.561803367423323 39
1711051622668 -16.475865774501823 40
1711051622724 -16.38311999765265 41
1711051622767 -16.290340204660332 42
1711051622816 -16.188409174567283 43
1711051622859 -16.08867618713085 44
1711051622906 -15.983325060726514 45
1711051622950 -15.884253213570382 46
1711051622995 -15.779619953352992 47
1711051623042 -15.65968345708908 48
1711051623087 -15.545728132661722 49
1711051623132 -15.434277440781926 50
1711051623175 -15.321143518368846 51
1711051623221 -15.19793654670465 52
1711051623265 -15.07047287534673 53
1711051623309 -14.952953986728046 54
1711051623355 -14.825527193137484 55
1711051623408 -14.69708786016683 56
1711051623452 -14.567808697076462 57
1711051623496 -14.439554693344517 58
1711051623545 -14.302699004268055 59
1711051623592 -14.166369713928958 60
1711051623639 -14.033794607791208 61
1711051623687 -13.895578297239949 62
1711051623733 -13.751573652486195 63
1711051623784 -13.6184595033817 64
1711051623830 -13.470776268999467 65
1711051623877 -13.327327931267364 66
1711051623919 -13.183434396753045 67
1711051623969 -13.034679467936968 68
1711051624015 -12.888055007566653 69
1711051624097 -12.739101644512484 70
1711051624172 -12.588884416968003 71
1711051624230 -12.436369538262817 72
1711051624276 -12.283111705656742 73
1711051624321 -12.13533452808577 74
1711051624366 -11.97351623692464 75
1711051624416 -11.81978208265759 76
1711051624463 -11.668364750008342 77
1711051624510 -11.511919441903226 78
1711051624557 -11.34613241613091 79
1711051624611 -11.195300807703788 80
1711051624654 -11.038223526598273 81
1711051624698 -10.87931715060389 82
1711051624743 -10.713602230621065 83
1711051624791 -10.563004210353732 84
1711051624838 -10.399804824440269 85
1711051624880 -10.24069998540967 86
1711051624926 -10.083042698951788 87
1711051624968 -9.930865092603009 88
1711051625013 -9.770551694786475 89
1711051625060 -9.611922909981635 90
1711051625109 -9.460376581183796 91
1711051625155 -9.305107629961244 92
1711051625198 -9.148579678731654 93
1711051625242 -9.001696714518516 94
1711051625292 -8.852176375479445 95
1711051625337 -8.699864468077472 96
1711051625383 -8.549282419099544 97
1711051625430 -8.410450985934002 98
1711051625475 -8.263246721167315 99
1711051625522 -8.121213860348968 100
1711051625570 -7.97887931447822 101
1711051625611 -7.837873652780225 102
1711051625659 -7.701667724767056 103
1711051625706 -7.572740412578643 104
1711051625746 -7.436157209676738 105
1711051625793 -7.30685552965242 106
1711051625836 -7.178553869065459 107
1711051625879 -7.051396086423088 108
1711051625926 -6.927400012957373 109
1711051625973 -6.809290025855948 110
1711051626014 -6.687349683007346 111
1711051626058 -6.574199886406762 112
1711051626104 -6.460502851257248 113
1711051626148 -6.348059488009042 114
1711051626195 -6.241001002997633 115
1711051626240 -6.134518261802753 116
1711051626288 -6.03283201915757 117
1711051626329 -5.93231214585758 118
1711051626376 -5.83691601042454 119
1711051626420 -5.741189965948832 120
1711051626466 -5.649494409444914 121
1711051626513 -5.56003017854185 122
1711051626560 -5.474506789678359 123
1711051626605 -5.3922272982350865 124
1711051626653 -5.311933810138255 125
1711051626694 -5.233947044790026 126
1711051626750 -5.15553181410525 127
1711051626793 -5.085230550615349 128
1711051626839 -5.012718882066824 129
1711051626885 -4.947564163857924 130
1711051626927 -4.8802600739106765 131
1711051626971 -4.815530153393321 132
1711051627015 -4.757266283075136 133
1711051627059 -4.696502503681288 134
1711051627109 -4.639692246172046 135
1711051627156 -4.586228314210476 136
1711051627198 -4.534025995990286 137
1711051627242 -4.482438453014273 138
1711051627287 -4.435569365477028 139
1711051627337 -4.387543390181367 140
1711051627379 -4.341737654269665 141
1711051627429 -4.300481894929161 142
1711051627473 -4.257142090988153 143
1711051627521 -4.218971498303533 144
1711051627570 -4.180014703745105 145
1711051627611 -4.141474265514104 146
1711051627657 -4.1062840207515965 147
1711051627705 -4.070685295587368 148
1711051627746 -4.036204859353538 149
1711051627791 -4.006464969504526 150
1711051627835 -3.974583225946426 151
1711051627879 -3.943084735171073 152
1711051627926 -3.9136275575878816 153
1711051627974 -3.8863629753047517 154
1711051628018 -3.859084418927768 155
1711051628061 -3.8312566985065164 156
1711051628104 -3.8053650080589403 157
1711051628149 -3.7805326294192714 158
1711051628196 -3.756052840615024 159
1711051628242 -3.732064074456698 160
1711051628288 -3.7087638340430065 161
1711051628331 -3.6853776648187697 162
1711051628379 -3.663059494334788 163
1711051628422 -3.6429275422246556 164
1711051628470 -3.620759932500352 165
1711051628515 -3.6002075757217815 166
1711051628560 -3.5785533487954098 167
1711051628607 -3.559072766000818 168
1711051628649 -3.5405996118075 169
1711051628695 -3.5221715394092366 170
1711051628738 -3.5019209243797045 171
1711051628783 -3.4816818852076663 172
1711051628828 -3.4649260446765595 173
1711051628875 -3.445235489944703 174
1711051628918 -3.42650577075306 175
1711051628962 -3.4092212669581405 176
1711051629006 -3.389919846959904 177
1711051629050 -3.3725982634824447 178
1711051629096 -3.35378520466986 179
1711051629139 -3.335991595946055 180
1711051629184 -3.3174170594059893 181
1711051629232 -3.2995540607111504 182
1711051629275 -3.280872695085341 183
1711051629321 -3.2637965486805767 184
1711051629368 -3.245344521336726 185
1711051629409 -3.227354553054184 186
1711051629458 -3.2084051827910507 187
1711051629505 -3.1901731665896564 188
1711051629551 -3.1733642515378495 189
1711051629596 -3.153778426384549 190
1711051629642 -3.136401093700913 191
1711051629694 -3.117578004664451 192
1711051629740 -3.0996535015011357 193
1711051629787 -3.0805568806134636 194
1711051629830 -3.0625697750524283 195
1711051629876 -3.0459904911904117 196
1711051629921 -3.0274041785693138 197
1711051629964 -3.0085751394728844 198
1711051630012 -2.990681528071929 199
1711051630057 -2.972494912942817 200
1711051630103 -2.9552569319177477 201
1711051630144 -2.9366272193697327 202
1711051630188 -2.918818709333198 203
1711051630233 -2.900655930546868 204
1711051630278 -2.883237702952164 205
1711051630325 -2.8641711211955236 206
1711051630375 -2.8464920722983575 207
1711051630421 -2.827501189065713 208
1711051630468 -2.809340948340449 209
1711051630513 -2.7909939517009446 210
1711051630555 -2.773501327034351 211
1711051630602 -2.7546029009293074 212
1711051630646 -2.735276410458156 213
1711051630691 -2.7175628854109517 214
1711051630736 -2.698246663339659 215
1711051630786 -2.6798365153539647 216
1711051630826 -2.6602797649405394 217
1711051630872 -2.641384219058494 218
1711051630917 -2.6225767776848117 219
1711051630959 -2.6041647267269648 220
1711051631005 -2.5845548080068403 221
1711051631051 -2.5656437443160613 222
1711051631096 -2.5456002866842966 223
1711051631143 -2.5261488766399234 224
1711051631190 -2.507123349249265 225
1711051631231 -2.48752896788397 226
1711051631278 -2.468100838383863 227
1711051631321 -2.448986694082616 228
1711051631373 -2.429798868055958 229
1711051631416 -2.4096959281455272 230
1711051631459 -2.3908309731349062 231
1711051631507 -2.3708560291380283 232
1711051631586 -2.3517268852126274 233
1711051631659 -2.332399202191819 234
1711051631728 -2.3126325413315842 235
1711051631777 -2.292862071409484 236
1711051631823 -2.2725035793306647 237
1711051631866 -2.2539214276360218 238
1711051631910 -2.2342218053721723 239
1711051631953 -2.214000137269126 240
1711051631997 -2.1936216663674184 241
1711051632044 -2.1743494080258072 242
1711051632090 -2.1543140810166417 243
1711051632156 -2.1348387259247215 244
1711051632211 -2.114959502899189 245
1711051632260 -2.095257777659104 246
1711051632305 -2.0753890252571057 247
1711051632351 -2.055290660752232 248
1711051632396 -2.0357161997208704 249
1711051632444 -2.0172434975632627 250
1711051632496 -1.9976479137413898 251
1711051632538 -1.97730488971336 252
1711051632586 -1.9585637289479143 253
1711051632633 -1.9381417104025922 254
1711051632674 -1.919180958902845 255
1711051632721 -1.8995310681747215 256
1711051632767 -1.8801344241119722 257
1711051632808 -1.8597107150161936 258
1711051632854 -1.8393826450368924 259
1711051632899 -1.8199129652576969 260
1711051632944 -1.800796025459411 261
1711051632991 -1.7809193160501544 262
1711051633039 -1.7613767706212764 263
1711051633080 -1.7420235542572788 264
1711051633135 -1.7224295642209868 265
1711051633176 -1.7031017638816244 266
1711051633221 -1.6831618085371067 267
1711051633267 -1.6647597060098196 268
1711051633309 -1.6457828145925015 269
1711051633353 -1.6262497322420253 270
1711051633403 -1.6079284117531474 271
1711051633451 -1.5884457950445485 272
1711051633528 -1.570985053562607 273
1711051633576 -1.5510856183267507 274
1711051633623 -1.532178489204139 275
1711051633670 -1.5137372818275248 276
1711051633710 -1.4944616036796257 277
1711051633756 -1.4759061174054096 278
1711051633799 -1.4572858111252271 279
1711051633844 -1.43847950964838 280
1711051633892 -1.420226905511782 281
1711051633936 -1.400914341935184 282
1711051633982 -1.3824385660013907 283
1711051634025 -1.3641967891414213 284
1711051634069 -1.344716880826219 285
1711051634119 -1.3277822357960596 286
1711051634165 -1.3087505767182797 287
1711051634208 -1.2909331544725338 288
1711051634258 -1.272794257167495 289
1711051634300 -1.2540145965626728 290
1711051634344 -1.2369736505095612 291
1711051634391 -1.2192469402721442 292
1711051634442 -1.2005788653876417 293
1711051634489 -1.183208337737912 294
1711051634532 -1.16440011705543 295
1711051634578 -1.1481785688447852 296
1711051634622 -1.130684621930071 297
1711051634668 -1.1121371588571587 298
1711051634716 -1.095521764796643 299
1711051634758 -1.0778427705797777 300
1711051634804 -1.0602395758654506 301
1711051634851 -1.0430064567885644 302
1711051634892 -1.02637011615347 303
1711051634940 -1.0094979623545028 304
1711051634983 -0.9931367680975505 305
1711051635027 -0.975972924177744 306
1711051635076 -0.9582001979830785 307
1711051635122 -0.9424149874821113 308
1711051635165 -0.9253616212546023 309
1711051635210 -0.9098035782880414 310
1711051635253 -0.8926867223891668 311
1711051635301 -0.8760135748523123 312
1711051635344 -0.859317890660094 313
1711051635390 -0.8435674363230876 314
1711051635436 -0.8273666698150468 315
1711051635484 -0.8107916941356879 316
1711051635526 -0.7947557411222683 317
1711051635571 -0.7788676460645578 318
1711051635614 -0.7633204521409407 319
1711051635664 -0.7479815742969389 320
1711051635710 -0.7327689794372041 321
1711051635756 -0.7167773845945511 322
1711051635801 -0.7016832146348457 323
1711051635847 -0.6870794372606026 324
1711051635893 -0.6723418530472038 325
1711051635940 -0.6575092255061679 326
1711051635986 -0.6431053988186493 327
1711051636031 -0.628030188592756 328
1711051636075 -0.613531272623026 329
1711051636119 -0.5991471729573556 330
1711051636169 -0.585178140109968 331
1711051636212 -0.5705362007352075 332
1711051636258 -0.5568426766117984 333
1711051636301 -0.5425862502922039 334
1711051636346 -0.5285500186326442 335
1711051636392 -0.5144818596428282 336
1711051636441 -0.5011281258835119 337
1711051636488 -0.4868381691766337 338
1711051636531 -0.47378261641061004 339
1711051636575 -0.45970236179979773 340
1711051636622 -0.4467258495355724 341
1711051636668 -0.43315354443767196 342
1711051636711 -0.4197563453539699 343
1711051636757 -0.4070303378250897 344
1711051636804 -0.39285239065010535 345
1711051636851 -0.38040630223187466 346
1711051636897 -0.3676797683229571 347
1711051636940 -0.35467849327166356 348
1711051636986 -0.3423915453953039 349
1711051637032 -0.3293641596450323 350
1711051637074 -0.31662680244705554 351
1711051637119 -0.3047156751385578 352
1711051637168 -0.2920327687685671 353
1711051637210 -0.2806900968262225 354
1711051637257 -0.26803319467470477 355
1711051637302 -0.25579574322559706 356
1711051637344 -0.24447434472900142 357
1711051637391 -0.23357203930753 358
1711051637438 -0.22142653254443379 359
1711051637489 -0.21019726018214824 360
1711051637532 -0.19893732210919057 361
1711051637577 -0.18850402557365298 362
1711051637621 -0.1774542667417125 363
1711051637669 -0.16677707136702336 364
1711051637720 -0.1562227327674406 365
1711051637763 -0.14544681153028027 366
1711051637810 -0.1353169336949691 367
1711051637857 -0.12499897405750504 368
1711051637903 -0.11476321427341585 369
1711051637944 -0.10481602468562756 370
1711051637991 -0.09477890785198517 371
1711051638035 -0.08492353993724189 372
1711051638080 -0.0754420688602464 373
1711051638126 -0.06553217380955356 374
1711051638171 -0.055680116739648344 375
1711051638218 -0.04669741693704621 376
1711051638264 -0.03687338707390375 377
1711051638305 -0.027542277618317845 378
1711051638351 -0.017932742086264053 379
1711051638396 -0.008633904067354203 380
1711051638440 0.0007024009728157088 381
1711051638485 0.009364486741972211 382
1711051638532 0.018592769420441302 383
1711051638577 0.02764521773048967 384
1711051638624 0.03640879983822176 385
1711051638672 0.04506262752530965 386
1711051638717 0.053757448794641616 387
1711051638759 0.06258233831504234 388
1711051638803 0.07073442042312195 389
1711051638852 0.07910190333863287 390
1711051638894 0.08703543720637785 391
1711051638939 0.09512156316322073 392
1711051638985 0.10292245440718972 393
1711051639028 0.11110272232506646 394
1711051639073 0.11874623960123287 395
1711051639121 0.1261091784113192 396
1711051639170 0.13339910650374254 397
1711051639211 0.14082024213457522 398
1711051639259 0.14859845284942674 399
1711051639301 0.15552058777664246 400
1711051639345 0.1620387070968018 401
1711051639390 0.16954301613090383 402
1711051639436 0.1764174179571627 403
1711051639487 0.18327433033083185 404
1711051639557 0.18991152007916223 405
1711051639637 0.1966861185607286 406
1711051639715 0.20320978859580363 407
1711051639767 0.2099411320353457 408
1711051639808 0.21642987502556243 409
1711051639853 0.2228827858786988 410
1711051639897 0.22901850717575523 411
1711051639941 0.23527382408872233 412
1711051639988 0.24164904006363286 413
1711051640035 0.2477224705818244 414
1711051640077 0.25397434947669584 415
1711051640123 0.2595633743936332 416
1711051640168 0.26584482460649195 417
1711051640211 0.27188459238813256 418
1711051640259 0.2777087223598864 419
1711051640304 0.2834444179543767 420
1711051640349 0.2891612166541173 421
1711051640392 0.2950050417140463 422
1711051640436 0.3009251130618541 423
1711051640479 0.30652446203643635 424
1711051640535 0.3118039796221548 425
1711051640576 0.3171448586465677 426
1711051640624 0.32303210517344794 427
1711051640671 0.32825320093583077 428
1711051640716 0.33356719983471705 429
1711051640760 0.3390379402298618 430
1711051640805 0.34425354523634644 431
1711051640854 0.34913252515661486 432
1711051640899 0.35457907257475474 433
1711051640941 0.3595212566269208 434
1711051640987 0.364362782207176 435
1711051641031 0.3692744526878188 436
1711051641075 0.37407708259377914 437
1711051641124 0.37895861006014553 438
1711051641171 0.38333001960011315 439
1711051641211 0.38788637407980253 440
1711051641257 0.3922807213011028 441
1711051641300 0.3967481755755702 442
1711051641348 0.40126423961990254 443
1711051641394 0.40539908660223445 444
1711051641437 0.40984886181847036 445
1711051641481 0.4140700022800392 446
1711051641530 0.4182211184218565 447
1711051641573 0.4223110184283271 448
1711051641619 0.4263705985628339 449
1711051641666 0.43054823610156046 450
1711051641709 0.4342234703985012 451
1711051641755 0.43842365928999005 452
1711051641803 0.4422168225705646 453
1711051641848 0.4461912308307686 454
1711051641893 0.45008246562339815 455
1711051641939 0.4538534409841266 456
1711051641988 0.45719584616694353 457
1711051642030 0.4613805271839201 458
1711051642075 0.4651366442331073 459
1711051642118 0.4688989703175056 460
1711051642164 0.4722500626380033 461
1711051642209 0.4759735631417339 462
1711051642259 0.4796225686286364 463
1711051642304 0.48304863711456947 464
1711051642349 0.48654395179920606 465
1711051642395 0.49009990418121085 466
1711051642439 0.49332363214381325 467
1711051642490 0.49679150593425325 468
1711051642543 0.49999094238282227 469
1711051642589 0.503213278010849 470
1711051642637 0.5064483196218026 471
1711051642685 0.5094346337964959 472
1711051642730 0.5129583269142048 473
1711051642774 0.5158927879644144 474
1711051642824 0.5187359261726697 475
1711051642873 0.5219136884806468 476
1711051642917 0.5250041401810384 477
1711051642960 0.5278422258829604 478
1711051643005 0.5308095188223007 479
1711051643049 0.5336770229534655 480
1711051643094 0.5364986098080358 481
1711051643136 0.5393901283334145 482
1711051643183 0.5420952756842643 483
1711051643227 0.5451035077937504 484
1711051643273 0.5477748698416873 485
1711051643320 0.5506424797794398 486
1711051643362 0.553177046060787 487
1711051643408 0.5559939532126454 488
1711051643451 0.5586161528181282 489
1711051643495 0.5611723400685908 490
1711051643548 0.5638207755132696 491
1711051643589 0.5664134031616309 492
1711051643637 0.5689448532198949 493
1711051643685 0.5712761952917255 494
1711051643732 0.5737724462571238 495
1711051643778 0.5763056507590041 496
1711051643822 0.5787307405449558 497
1711051643869 0.5810610891143153 498
1711051643917 0.5833723471245402 499
