1711051620724 4546.15576171875 0
1711051620777 4554.005615234375 1
1711051620824 4573.185791015625 2
1711051620872 4528.888427734375 3
1711051620918 4611.379638671875 4
1711051620962 4724.57666015625 5
1711051621007 4562.779296875 6
1711051621049 4495.06396484375 7
1711051621097 4637.189208984375 8
1711051621142 4573.900390625 9
1711051621185 4427.5263671875 10
1711051621236 4539.438232421875 11
1711051621317 4569.7548828125 12
1711051621365 4461.4208984375 13
1711051621423 4462.070556640625 14
1711051621469 4487.50244140625 15
1711051621518 4453.846435546875 16
1711051621566 4498.21240234375 17
1711051621612 4355.405029296875 18
1711051621658 4371.915283203125 19
1711051621701 4413.464599609375 20
1711051621749 4414.111083984375 21
1711051621800 4508.7685546875 22
1711051621844 4475.652587890625 23
1711051621891 4459.70166015625 24
1711051621939 4427.287109375 25
1711051621982 4423.463623046875 26
1711051622030 4332.8564453125 27
1711051622079 4331.03173828125 28
1711051622125 4280.87841796875 29
1711051622173 4384.85400390625 30
1711051622222 4383.613525390625 31
1711051622272 4169.3681640625 32
1711051622317 4232.127197265625 33
1711051622365 4209.900634765625 34
1711051622412 4205.002197265625 35
1711051622459 4175.047119140625 36
1711051622508 4242.650634765625 37
1711051622556 4122.0330810546875 38
1711051622602 4130.1044921875 39
1711051622648 4145.9212646484375 40
1711051622696 4112.804443359375 41
1711051622749 4042.6588134765625 42
1711051622794 4086.2559814453125 43
1711051622842 4105.3480224609375 44
1711051622887 4043.33740234375 45
1711051622931 4033.4990234375 46
1711051622974 3882.72900390625 47
1711051623021 4003.4051513671875 48
1711051623068 4021.23095703125 49
1711051623112 3845.8282470703125 50
1711051623158 3816.3792724609375 51
1711051623201 3838.561279296875 52
1711051623247 3869.421142578125 53
1711051623292 3794.7855224609375 54
1711051623338 3787.3470458984375 55
1711051623381 3792.201416015625 56
1711051623433 3603.828857421875 57
1711051623477 3561.380615234375 58
1711051623525 3602.8199462890625 59
1711051623571 3538.394775390625 60
1711051623618 3519.1090087890625 61
1711051623670 3474.5841064453125 62
1711051623713 3510.42919921875 63
1711051623766 3383.2373046875 64
1711051623810 3405.7164306640625 65
1711051623856 3373.181884765625 66
1711051623901 3353.2113037109375 67
1711051623946 3281.1322021484375 68
1711051623993 3247.8980712890625 69
1711051624066 3182.0845947265625 70
1711051624139 3239.122314453125 71
1711051624211 3151.857666015625 72
1711051624256 3115.203369140625 73
1711051624303 3084.1849365234375 74
1711051624348 3012.435302734375 75
1711051624393 2982.52685546875 76
1711051624443 3033.1041259765625 77
1711051624489 2893.50732421875 78
1711051624537 2925.74267578125 79
1711051624593 2882.340087890625 80
1711051624637 2824.980712890625 81
1711051624681 2757.485107421875 82
1711051624724 2741.115234375 83
1711051624772 2692.16748046875 84
1711051624817 2683.733642578125 85
1711051624862 2601.584716796875 86
1711051624908 2671.8115234375 87
1711051624951 2554.9586181640625 88
1711051624994 2522.7967529296875 89
1711051625041 2448.3299560546875 90
1711051625087 2501.9456787109375 91
1711051625133 2348.412109375 92
1711051625179 2367.3231201171875 93
1711051625224 2315.4620361328125 94
1711051625269 2297.634765625 95
1711051625318 2257.874267578125 96
1711051625363 2299.643798828125 97
1711051625409 2286.173828125 98
1711051625457 2221.882568359375 99
1711051625502 2105.6410522460938 100
1711051625548 2085.3673706054688 101
1711051625593 2093.1884765625 102
1711051625638 1985.8535766601562 103
1711051625685 2032.1492919921875 104
1711051625729 2001.7186279296875 105
1711051625773 1976.5267333984375 106
1711051625818 1955.796142578125 107
1711051625860 1919.3181762695312 108
1711051625907 1888.5265502929688 109
1711051625952 1884.038818359375 110
1711051625997 1798.0643310546875 111
1711051626041 1834.1187133789062 112
1711051626087 1824.2073974609375 113
1711051626128 1743.724365234375 114
1711051626176 1758.58056640625 115
1711051626221 1713.6199951171875 116
1711051626266 1713.457275390625 117
1711051626312 1665.4841918945312 118
1711051626356 1599.337890625 119
1711051626402 1611.7864990234375 120
1711051626446 1632.4472045898438 121
1711051626493 1586.8692016601562 122
1711051626538 1516.279296875 123
1711051626586 1506.3018798828125 124
1711051626631 1455.5050659179688 125
1711051626677 1457.8075561523438 126
1711051626726 1477.1365966796875 127
1711051626776 1374.8128662109375 128
1711051626820 1421.8129272460938 129
1711051626864 1493.198974609375 130
1711051626910 1406.8179321289062 131
1711051626954 1392.5609130859375 132
1711051626998 1309.99169921875 133
1711051627040 1415.0630493164062 134
1711051627088 1376.5741577148438 135
1711051627135 1291.1956787109375 136
1711051627180 1215.280029296875 137
1711051627223 1273.7279052734375 138
1711051627269 1211.3474731445312 139
1711051627313 1278.5707397460938 140
1711051627362 1274.247802734375 141
1711051627408 1286.3212280273438 142
1711051627456 1213.2197265625 143
1711051627501 1286.6241455078125 144
1711051627547 1191.2230224609375 145
1711051627593 1178.6712036132812 146
1711051627638 1163.1918334960938 147
1711051627684 1224.6828002929688 148
1711051627729 1216.5574951171875 149
1711051627773 1183.06103515625 150
1711051627818 1099.396240234375 151
1711051627860 1172.4735107421875 152
1711051627907 1133.4569091796875 153
1711051627954 1144.656494140625 154
1711051627999 1187.15771484375 155
1711051628042 1143.2053833007812 156
1711051628086 1146.9595336914062 157
1711051628130 1156.4652099609375 158
1711051628176 1073.71533203125 159
1711051628222 1171.2567443847656 160
1711051628267 1064.8312377929688 161
1711051628311 1091.519287109375 162
1711051628360 1106.4187622070312 163
1711051628405 1094.178955078125 164
1711051628448 1026.4290771484375 165
1711051628497 1079.8883056640625 166
1711051628540 1049.0559997558594 167
1711051628587 1092.278564453125 168
1711051628631 1021.9981994628906 169
1711051628676 1080.6365966796875 170
1711051628721 1052.6489868164062 171
1711051628763 1060.7483520507812 172
1711051628810 1036.5325927734375 173
1711051628854 1086.9809875488281 174
1711051628899 1070.5512390136719 175
1711051628943 1055.022705078125 176
1711051628989 1017.9843139648438 177
1711051629032 1032.0033569335938 178
1711051629077 1063.832275390625 179
1711051629122 1032.7870788574219 180
1711051629164 1041.0346984863281 181
1711051629210 1037.4715576171875 182
1711051629257 1013.9044494628906 183
1711051629301 995.0439453125 184
1711051629347 1013.0445861816406 185
1711051629391 1017.05517578125 186
1711051629437 1046.6849670410156 187
1711051629485 1018.156982421875 188
1711051629531 993.6650390625 189
1711051629577 1035.4022216796875 190
1711051629622 984.7928771972656 191
1711051629669 966.9087219238281 192
1711051629721 927.3135375976562 193
1711051629767 991.2543640136719 194
1711051629812 961.0085144042969 195
1711051629857 929.7970581054688 196
1711051629903 916.2270812988281 197
1711051629945 965.586181640625 198
1711051629992 977.743408203125 199
1711051630038 990.8069458007812 200
1711051630083 906.1825561523438 201
1711051630127 927.4028015136719 202
1711051630171 879.8475646972656 203
1711051630216 910.29638671875 204
1711051630259 903.1371765136719 205
1711051630305 891.1848449707031 206
1711051630355 892.2326049804688 207
1711051630400 915.2484436035156 208
1711051630445 907.3741760253906 209
1711051630493 969.9688110351562 210
1711051630539 861.3338623046875 211
1711051630579 861.0567016601562 212
1711051630627 898.6149291992188 213
1711051630673 870.9542846679688 214
1711051630719 869.1286010742188 215
1711051630762 871.0085754394531 216
1711051630809 887.8570251464844 217
1711051630853 920.2524108886719 218
1711051630897 884.635986328125 219
1711051630941 857.5318298339844 220
1711051630987 891.1564025878906 221
1711051631034 811.658447265625 222
1711051631077 897.7040100097656 223
1711051631123 872.3331298828125 224
1711051631170 827.6007995605469 225
1711051631214 825.2626647949219 226
1711051631258 852.2924194335938 227
1711051631304 802.7808532714844 228
1711051631346 758.2220458984375 229
1711051631398 790.5556945800781 230
1711051631441 805.2584533691406 231
1711051631490 813.4146118164062 232
1711051631552 800.6007080078125 233
1711051631627 764.3457946777344 234
1711051631698 756.6679992675781 235
1711051631753 773.1649169921875 236
1711051631802 825.1145324707031 237
1711051631848 756.3881225585938 238
1711051631891 743.1174011230469 239
1711051631936 769.1408996582031 240
1711051631978 742.3609924316406 241
1711051632024 767.7482604980469 242
1711051632071 765.19873046875 243
1711051632115 696.0873413085938 244
1711051632186 713.3637084960938 245
1711051632243 715.6078796386719 246
1711051632287 715.6944274902344 247
1711051632333 735.0187377929688 248
1711051632377 726.3089294433594 249
1711051632424 700.790283203125 250
1711051632473 659.6571960449219 251
1711051632521 720.7729187011719 252
1711051632564 682.5988464355469 253
1711051632612 728.3875732421875 254
1711051632657 683.9700317382812 255
1711051632701 672.8484802246094 256
1711051632747 680.5335083007812 257
1711051632791 681.939697265625 258
1711051632836 694.1016540527344 259
1711051632882 678.4324645996094 260
1711051632925 649.7362976074219 261
1711051632972 662.3041381835938 262
1711051633018 636.1711730957031 263
1711051633062 611.5917663574219 264
1711051633113 604.4722290039062 265
1711051633158 608.505126953125 266
1711051633202 681.2068176269531 267
1711051633247 626.4566040039062 268
1711051633291 622.3048400878906 269
1711051633336 620.0746459960938 270
1711051633386 624.78515625 271
1711051633428 603.8752136230469 272
1711051633502 570.9417266845703 273
1711051633554 583.8049621582031 274
1711051633601 605.2817687988281 275
1711051633650 592.1697082519531 276
1711051633693 609.2564392089844 277
1711051633737 586.3673400878906 278
1711051633782 582.2119445800781 279
1711051633824 556.8873138427734 280
1711051633870 569.5843200683594 281
1711051633917 555.75732421875 282
1711051633961 565.3362426757812 283
1711051634007 541.595458984375 284
1711051634051 593.5052947998047 285
1711051634102 500.22918701171875 286
1711051634145 524.55029296875 287
1711051634191 530.2628936767578 288
1711051634236 549.5273895263672 289
1711051634281 532.0599060058594 290
1711051634325 537.6413726806641 291
1711051634371 500.8493194580078 292
1711051634422 544.5074768066406 293
1711051634469 519.7676239013672 294
1711051634514 540.1040344238281 295
1711051634559 500.15435791015625 296
1711051634604 491.9127960205078 297
1711051634649 516.6969604492188 298
1711051634694 483.0823669433594 299
1711051634740 487.97601318359375 300
1711051634785 492.2104797363281 301
1711051634830 465.70692443847656 302
1711051634874 480.45274353027344 303
1711051634921 460.6487121582031 304
1711051634965 457.18353271484375 305
1711051635008 448.0526428222656 306
1711051635056 489.6431427001953 307
1711051635102 486.354248046875 308
1711051635147 451.0285339355469 309
1711051635191 438.5978546142578 310
1711051635236 437.5805969238281 311
1711051635279 445.2879333496094 312
1711051635326 459.17649841308594 313
1711051635370 434.9141387939453 314
1711051635417 417.90289306640625 315
1711051635461 412.38340759277344 316
1711051635508 435.6075744628906 317
1711051635552 411.4573211669922 318
1711051635596 397.5967254638672 319
1711051635644 410.09527587890625 320
1711051635692 396.8356018066406 321
1711051635738 389.8782653808594 322
1711051635784 398.38856506347656 323
1711051635827 385.459228515625 324
1711051635874 385.4033660888672 325
1711051635920 399.10205078125 326
1711051635967 365.2230987548828 327
1711051636011 378.9235534667969 328
1711051636057 378.3389129638672 329
1711051636102 389.6980743408203 330
1711051636148 359.65699768066406 331
1711051636194 374.404296875 332
1711051636239 356.08546447753906 333
1711051636284 358.56834411621094 334
1711051636326 340.52281188964844 335
1711051636373 345.0529327392578 336
1711051636423 354.37908935546875 337
1711051636468 375.6741180419922 338
1711051636514 355.7535705566406 339
1711051636556 342.0279235839844 340
1711051636603 329.53053283691406 341
1711051636649 348.61859130859375 342
1711051636693 334.98106384277344 343
1711051636739 303.24835205078125 344
1711051636787 331.8026885986328 345
1711051636829 328.04608154296875 346
1711051636876 314.4748840332031 347
1711051636922 323.0238952636719 348
1711051636967 299.27466583251953 349
1711051637011 339.50584411621094 350
1711051637056 330.0323791503906 351
1711051637102 304.5157470703125 352
1711051637146 303.91343688964844 353
1711051637191 281.04258728027344 354
1711051637237 301.40684509277344 355
1711051637283 305.1766815185547 356
1711051637327 286.27301025390625 357
1711051637372 285.39524841308594 358
1711051637419 285.5202178955078 359
1711051637466 292.88893127441406 360
1711051637515 267.5821838378906 361
1711051637557 271.0485382080078 362
1711051637604 278.53053283691406 363
1711051637646 262.4429244995117 364
1711051637695 268.693359375 365
1711051637746 287.3392562866211 366
1711051637791 255.97369384765625 367
1711051637837 251.40538024902344 368
1711051637883 279.76670837402344 369
1711051637927 267.5933303833008 370
1711051637971 252.59070587158203 371
1711051638018 261.8707275390625 372
1711051638060 248.67469787597656 373
1711051638107 236.768798828125 374
1711051638154 259.7920684814453 375
1711051638196 246.4676513671875 376
1711051638243 240.35840606689453 377
1711051638288 233.16871643066406 378
1711051638331 233.68858337402344 379
1711051638376 233.89447784423828 380
1711051638421 245.95498657226562 381
1711051638468 225.10572814941406 382
1711051638515 240.50379943847656 383
1711051638558 239.62332153320312 384
1711051638604 217.16988372802734 385
1711051638651 216.96915435791016 386
1711051638697 222.86146545410156 387
1711051638742 236.20342254638672 388
1711051638786 225.5788803100586 389
1711051638830 219.69832611083984 390
1711051638876 205.9729766845703 391
1711051638920 212.07017517089844 392
1711051638964 197.20278930664062 393
1711051639009 205.43450164794922 394
1711051639055 222.02410888671875 395
1711051639102 206.78449249267578 396
1711051639149 210.87566375732422 397
1711051639193 186.70323944091797 398
1711051639238 205.0719757080078 399
1711051639284 206.8186798095703 400
1711051639326 181.43399810791016 401
1711051639373 188.8384246826172 402
1711051639418 193.17269897460938 403
1711051639464 197.8426513671875 404
1711051639513 186.64279174804688 405
1711051639597 198.086181640625 406
1711051639682 177.76806640625 407
1711051639744 180.84957885742188 408
1711051639790 174.826904296875 409
1711051639835 191.41582489013672 410
1711051639880 175.12358856201172 411
1711051639922 181.81826782226562 412
1711051639969 185.11953735351562 413
1711051640014 181.99830627441406 414
1711051640060 180.95648193359375 415
1711051640104 156.87012481689453 416
1711051640150 167.2048110961914 417
1711051640193 174.30182647705078 418
1711051640239 180.82007598876953 419
1711051640284 161.26929473876953 420
1711051640330 172.59756469726562 421
1711051640374 173.47686004638672 422
1711051640418 169.7451934814453 423
1711051640460 174.15250396728516 424
1711051640507 171.9416046142578 425
1711051640558 158.40997314453125 426
1711051640603 168.78433990478516 427
1711051640654 163.0308609008789 428
1711051640698 153.7307891845703 429
1711051640743 159.23595428466797 430
1711051640786 164.767333984375 431
1711051640834 147.3316421508789 432
1711051640878 147.22755432128906 433
1711051640923 143.18126678466797 434
1711051640969 143.59281539916992 435
1711051641012 145.2473602294922 436
1711051641056 146.82013702392578 437
1711051641104 146.2072525024414 438
1711051641150 146.89545440673828 439
1711051641194 141.38507843017578 440
1711051641238 137.48736190795898 441
1711051641283 138.88011169433594 442
1711051641327 138.20647430419922 443
1711051641374 132.73480224609375 444
1711051641419 133.10478973388672 445
1711051641463 139.43340301513672 446
1711051641509 139.2121810913086 447
1711051641555 140.93581008911133 448
1711051641599 133.80438995361328 449
1711051641645 123.71822738647461 450
1711051641691 127.74950408935547 451
1711051641736 132.51866149902344 452
1711051641786 126.56656265258789 453
1711051641828 126.81541442871094 454
1711051641875 138.91681671142578 455
1711051641921 128.1500358581543 456
1711051641967 126.0963249206543 457
1711051642012 123.85213088989258 458
1711051642056 124.29206085205078 459
1711051642101 141.11188507080078 460
1711051642144 114.50313949584961 461
1711051642190 123.75642395019531 462
1711051642241 127.92131042480469 463
1711051642286 128.90089416503906 464
1711051642328 120.33038711547852 465
1711051642375 113.5191879272461 466
1711051642421 114.65890502929688 467
1711051642465 117.31880187988281 468
1711051642522 115.7260856628418 469
1711051642570 115.89634323120117 470
1711051642617 121.18489074707031 471
1711051642667 107.5754623413086 472
1711051642713 117.06648635864258 473
1711051642755 113.90091323852539 474
1711051642802 110.82720184326172 475
1711051642851 106.19548416137695 476
1711051642898 112.37062454223633 477
1711051642941 112.69102096557617 478
1711051642987 113.15733337402344 479
1711051643030 112.04936218261719 480
1711051643075 114.42676544189453 481
1711051643119 110.26375198364258 482
1711051643161 103.93871688842773 483
1711051643208 113.35006713867188 484
1711051643253 103.73101425170898 485
1711051643299 114.32302856445312 486
1711051643344 96.44580459594727 487
1711051643388 106.09501266479492 488
1711051643434 101.94680786132812 489
1711051643476 100.26866912841797 490
1711051643523 102.32161712646484 491
1711051643572 108.25479507446289 492
1711051643617 105.82701110839844 493
1711051643668 93.28396987915039 494
1711051643711 93.5515022277832 495
1711051643758 95.89543533325195 496
1711051643804 99.30651473999023 497
1711051643849 104.30662536621094 498
1711051643894 90.15312194824219 499
