1711026064462 -18.41315909239219 0
1711026064483 -18.376333305820392 1
1711026064545 -18.341817192195 2
1711026064569 -18.30659840970897 3
1711026064591 -18.271844005240496 4
1711026064610 -18.23549285757608 5
1711026064626 -18.201750840244983 6
1711026064646 -18.164545947745772 7
1711026064662 -18.12825748635783 8
1711026064679 -18.090460959789695 9
1711026064694 -18.053556518970556 10
1711026064710 -18.01425836722399 11
1711026064724 -17.974214894404348 12
1711026064741 -17.933806639945704 13
1711026064755 -17.89363802361084 14
1711026064771 -17.84815843752972 15
1711026064794 -17.805227728694398 16
1711026064809 -17.75773151130309 17
1711026064824 -17.714028314826624 18
1711026064836 -17.66548304540094 19
1711026064852 -17.614443945924354 20
1711026064868 -17.564030370015445 21
1711026064883 -17.5116241955895 22
1711026064899 -17.45890652986542 23
1711026064915 -17.402390952597546 24
1711026064931 -17.34498623204173 25
1711026064946 -17.284437241258043 26
1711026064962 -17.224300224661757 27
1711026064978 -17.16446002747678 28
1711026064994 -17.09995371220216 29
1711026065010 -17.033648758329388 30
1711026065027 -16.96765691788072 31
1711026065044 -16.898330687035298 32
1711026065060 -16.82833529420028 33
1711026065076 -16.7548533490861 34
1711026065090 -16.68336600185352 35
1711026065105 -16.602803121222816 36
1711026065121 -16.531725740729392 37
1711026065136 -16.45269691162904 38
1711026065153 -16.368313980938062 39
1711026065168 -16.288560832176202 40
1711026065184 -16.20343431570969 41
1711026065200 -16.116511211206248 42
1711026065215 -16.03107841741791 43
1711026065231 -15.941290145356675 44
1711026065247 -15.849568816501712 45
1711026065263 -15.759498995108643 46
1711026065278 -15.661450219025845 47
1711026065296 -15.561444143180385 48
1711026065313 -15.464564243582977 49
1711026065329 -15.361155297757275 50
1711026065345 -15.257922333736776 51
1711026065361 -15.153835056329022 52
1711026065378 -15.042281437592774 53
1711026065394 -14.93804042737332 54
1711026065410 -14.820890051013894 55
1711026065426 -14.711775392974703 56
1711026065442 -14.592515476827929 57
1711026065457 -14.478101434309234 58
1711026065471 -14.358011034128971 59
1711026065489 -14.244193808668054 60
1711026065504 -14.115287442189578 61
1711026065521 -13.994376948204595 62
1711026065539 -13.868278989695247 63
1711026065629 -13.74546550752723 64
1711026065650 -13.610465067089432 65
1711026065693 -13.487262308371989 66
1711026065710 -13.351267282416725 67
1711026065725 -13.2194242158589 68
1711026065740 -13.086970575160057 69
1711026065756 -12.94779721769987 70
1711026065773 -12.80741039011036 71
1711026065791 -12.67201101581507 72
1711026065811 -12.535780772164008 73
1711026065826 -12.391548862712437 74
1711026065843 -12.24866304633422 75
1711026065861 -12.109189685838436 76
1711026065877 -11.967597518284997 77
1711026065894 -11.824897543448976 78
1711026065913 -11.67756596920217 79
1711026065928 -11.525804927731373 80
1711026065944 -11.390203571807906 81
1711026065960 -11.242343309457004 82
1711026065977 -11.093873028381552 83
1711026065992 -10.948840606502975 84
1711026066005 -10.796232757345713 85
1711026066020 -10.648682729111647 86
1711026066036 -10.504875931181598 87
1711026066051 -10.352754508964214 88
1711026066068 -10.206293113008558 89
1711026066083 -10.053842266008031 90
1711026066099 -9.902356820361957 91
1711026066114 -9.75413012414279 92
1711026066131 -9.606888872088904 93
1711026066147 -9.457329897196944 94
1711026066162 -9.308186784725576 95
1711026066178 -9.158163035968638 96
1711026066194 -9.014055004833082 97
1711026066210 -8.859899298844315 98
1711026066227 -8.72057766119636 99
1711026066243 -8.576919488663181 100
1711026066259 -8.427031296958747 101
1711026066276 -8.28615180898258 102
1711026066292 -8.147399455437673 103
1711026066305 -8.007363459321756 104
1711026066321 -7.865703324656728 105
1711026066337 -7.732769085480628 106
1711026066352 -7.596938903508368 107
1711026066368 -7.462984905780102 108
1711026066383 -7.3346328280546835 109
1711026066399 -7.2044669231463345 110
1711026066415 -7.0792136661947875 111
1711026066431 -6.953461626406525 112
1711026066447 -6.831153067866196 113
1711026066462 -6.708837309019669 114
1711026066478 -6.591633433540214 115
1711026066494 -6.478229447666221 116
1711026066511 -6.364118922710305 117
1711026066527 -6.253138202054543 118
1711026066543 -6.1432089765929225 119
1711026066560 -6.036486851142845 120
1711026066576 -5.93280441906188 121
1711026066593 -5.830395508039967 122
1711026066609 -5.733105590894168 123
1711026066624 -5.633384571452898 124
1711026066643 -5.540770999740752 125
1711026066658 -5.448301886425732 126
1711026066671 -5.36003153652396 127
1711026066685 -5.272808521781507 128
1711026066701 -5.1892091545893155 129
1711026066717 -5.10575653937584 130
1711026066732 -5.028827969120726 131
1711026066748 -4.95132222848557 132
1711026066763 -4.875898259119421 133
1711026066780 -4.806244134443807 134
1711026066796 -4.734085758210954 135
1711026066812 -4.667360654310482 136
1711026066830 -4.6017259719755 137
1711026066845 -4.5408934883485665 138
1711026066862 -4.479360307398216 139
1711026066878 -4.423679238493917 140
1711026066894 -4.362061600877302 141
1711026066910 -4.310643262066855 142
1711026066926 -4.258066471586103 143
1711026066942 -4.208442740814044 144
1711026066957 -4.1583514018905525 145
1711026066984 -4.112380348792456 146
1711026066999 -4.067729141933788 147
1711026067013 -4.023973270885954 148
1711026067029 -3.9804262359627316 149
1711026067045 -3.9404324343774766 150
1711026067062 -3.9006453904538443 151
1711026067079 -3.8625145688259153 152
1711026067096 -3.8256513553376488 153
1711026067112 -3.790050635287516 154
1711026067128 -3.7540089731360444 155
1711026067145 -3.720753730311669 156
1711026067161 -3.6891992599100263 157
1711026067178 -3.6561001337631946 158
1711026067194 -3.6265540221129875 159
1711026067210 -3.5956347953948455 160
1711026067227 -3.567381938270417 161
1711026067242 -3.537174991691904 162
1711026067259 -3.511988932430193 163
1711026067275 -3.484093197741444 164
1711026067290 -3.459807770986573 165
1711026067304 -3.4319095259678347 166
1711026067318 -3.408149024791414 167
1711026067335 -3.38525752377837 168
1711026067351 -3.3596318607884514 169
1711026067366 -3.3357632125883425 170
1711026067382 -3.3140083859257503 171
1711026067397 -3.2912160091305633 172
1711026067413 -3.267314108353383 173
1711026067428 -3.2472456691955127 174
1711026067444 -3.223120771087933 175
1711026067460 -3.201774035211434 176
1711026067475 -3.178571437136754 177
1711026067492 -3.1585736255685575 178
1711026067508 -3.1373371368576306 179
1711026067525 -3.115190881805451 180
1711026067540 -3.0944370227868987 181
1711026067556 -3.073542579116374 182
1711026067576 -3.0519174718184434 183
1711026067592 -3.030512094137876 184
1711026067608 -3.011207536259774 185
1711026067624 -2.990690727307189 186
1711026067643 -2.9697317439571833 187
1711026067661 -2.9493726627614576 188
1711026067677 -2.928576795417489 189
1711026067693 -2.9092073742441333 190
1711026067710 -2.887493398677041 191
1711026067726 -2.8676392558580415 192
1711026067743 -2.8469948988270573 193
1711026067760 -2.82571315062213 194
1711026067776 -2.8066679496918323 195
1711026067797 -2.785685285021845 196
1711026067829 -2.766350623457046 197
1711026067847 -2.745053447222408 198
1711026067863 -2.72467736745449 199
1711026067879 -2.704904553727098 200
1711026067896 -2.6841128656100377 201
1711026067912 -2.6646407651611463 202
1711026067928 -2.6448743350806225 203
1711026067944 -2.623456750447795 204
1711026067962 -2.603560180921409 205
1711026067979 -2.5839717057811065 206
1711026067995 -2.563819192485839 207
1711026068011 -2.5437542495907817 208
1711026068026 -2.522666055845279 209
1711026068042 -2.5029558465860315 210
1711026068059 -2.4816759624722353 211
1711026068076 -2.4617617224937183 212
1711026068093 -2.4417153498418784 213
1711026068147 -2.4203416345603386 214
1711026068197 -2.399495337193226 215
1711026068224 -2.3794723205878086 216
1711026068257 -2.3576261144642925 217
1711026068271 -2.336828135242036 218
1711026068288 -2.3156085956282326 219
1711026068304 -2.294944480750269 220
1711026068347 -2.2730831471916977 221
1711026068375 -2.2521559589086255 222
1711026068442 -2.2318201508264996 223
1711026068473 -2.2109090609617454 224
1711026068489 -2.189565458592289 225
1711026068505 -2.168097896032212 226
1711026068520 -2.1483034821256535 227
1711026068536 -2.127036313903679 228
1711026068554 -2.105847956519508 229
1711026068570 -2.0846940048583815 230
1711026068586 -2.06495466747507 231
1711026068604 -2.0438112996511593 232
1711026068621 -2.0234352064367487 233
1711026068641 -2.0030280808928147 234
1711026068668 -1.9814258874108885 235
1711026068684 -1.9609695255937187 236
1711026068699 -1.9402361809842361 237
1711026068715 -1.921611101776655 238
1711026068731 -1.900666157649415 239
1711026068747 -1.880502102368954 240
1711026068763 -1.8591668142381024 241
1711026068781 -1.8401228336915048 242
1711026068800 -1.820080124960322 243
1711026068816 -1.799319502568967 244
1711026068832 -1.7806967704480439 245
1711026068849 -1.7600980957966845 246
1711026068865 -1.7398416622690136 247
1711026068880 -1.7197125168393002 248
1711026068896 -1.6994354005424688 249
1711026068912 -1.6802782457605567 250
1711026068929 -1.6594321706355535 251
1711026068945 -1.6400735522246332 252
1711026068962 -1.620495551896079 253
1711026068978 -1.6005516861175133 254
1711026068997 -1.5811637440566084 255
1711026069012 -1.560918852541925 256
1711026069028 -1.5423561978568037 257
1711026069044 -1.5226042352968179 258
1711026069061 -1.504679844384747 259
1711026069077 -1.4840103493463879 260
1711026069094 -1.4648226394644066 261
1711026069109 -1.4467035784191693 262
1711026069125 -1.4275169511436743 263
1711026069144 -1.408064262315456 264
1711026069161 -1.3897288057686694 265
1711026069177 -1.3705324493358382 266
1711026069194 -1.3517678225515248 267
1711026069212 -1.3327420255637819 268
1711026069228 -1.3158378708247538 269
1711026069244 -1.2962016089941382 270
1711026069261 -1.277385134533589 271
1711026069277 -1.2599351773448904 272
1711026069294 -1.2412053651382515 273
1711026069311 -1.2225476587141983 274
1711026069328 -1.2046295827482059 275
1711026069344 -1.186760108910553 276
1711026069362 -1.1682941218876066 277
1711026069377 -1.1491883948811452 278
1711026069394 -1.132350140854776 279
1711026069410 -1.1139459646570753 280
1711026069426 -1.0974417848007727 281
1711026069443 -1.078590356486219 282
1711026069460 -1.0612370550504742 283
1711026069477 -1.0432542086389835 284
1711026069494 -1.0268098525295106 285
1711026069522 -1.0083962865080007 286
1711026069536 -0.9918907779406037 287
1711026069551 -0.9748842121198236 288
1711026069568 -0.9582304283626988 289
1711026069583 -0.9419329477826344 290
1711026069599 -0.9256870216823534 291
1711026069616 -0.9088263437556041 292
1711026069633 -0.8923506290928329 293
1711026069648 -0.8760889267732168 294
1711026069665 -0.8598558301046095 295
1711026069681 -0.843675896200957 296
1711026069697 -0.8284236356926762 297
1711026069714 -0.8115590713968779 298
1711026069730 -0.7957234429705455 299
1711026069746 -0.7811146549519081 300
1711026069763 -0.7644686721323715 301
1711026069782 -0.749954453824007 302
1711026069799 -0.7340568030544112 303
1711026069816 -0.7191147579974453 304
1711026069832 -0.7036815405895038 305
1711026069849 -0.6887911413189587 306
1711026069865 -0.6744192250485297 307
1711026069882 -0.6593038867261158 308
1711026069898 -0.645147841516382 309
1711026069915 -0.6296935665274996 310
1711026069930 -0.6158907993320661 311
1711026069946 -0.6013307939473573 312
1711026069962 -0.5870066940320862 313
1711026069978 -0.5732851439276572 314
1711026069994 -0.559446719161738 315
1711026070010 -0.5449192624367742 316
1711026070027 -0.5307185850803517 317
1711026070043 -0.5172433288584575 318
1711026070060 -0.5035353180402655 319
1711026070076 -0.4896754295538126 320
1711026070092 -0.4769699749569074 321
1711026070109 -0.4631128154912063 322
1711026070136 -0.44960640422491593 323
1711026070153 -0.43632263467954036 324
1711026070169 -0.4232131257170386 325
1711026070185 -0.40941846501080414 326
1711026070202 -0.39750204210509366 327
1711026070219 -0.3844020969701909 328
1711026070236 -0.371484493304711 329
1711026070252 -0.3592053502593333 330
1711026070270 -0.34678777996362276 331
1711026070287 -0.33447379592288295 332
1711026070304 -0.3220064861018348 333
1711026070320 -0.30975418856894144 334
1711026070336 -0.2982087461749441 335
1711026070352 -0.2863897049980746 336
1711026070368 -0.27421696972940013 337
1711026070384 -0.26250601682921393 338
1711026070400 -0.2513245484467408 339
1711026070416 -0.23941302281962518 340
1711026070432 -0.2281864382336165 341
1711026070447 -0.21713949873124005 342
1711026070463 -0.20555922222483058 343
1711026070480 -0.19447889201026913 344
1711026070494 -0.18367321570039907 345
1711026070511 -0.17266030813651168 346
1711026070528 -0.16248453068853608 347
1711026070545 -0.1516154980566491 348
1711026070561 -0.14105784806583088 349
1711026070577 -0.13052869231279862 350
1711026070594 -0.12057651173282125 351
1711026070701 -0.11006696141919536 352
1711026070731 -0.09983295969858075 353
1711026070747 -0.08974789014933293 354
1711026070761 -0.07985124399819199 355
1711026070781 -0.06985923168319608 356
1711026070801 -0.060116811956519856 357
1711026070819 -0.05041174694904038 358
1711026070836 -0.04094306379313983 359
1711026070852 -0.03126326738387464 360
1711026070873 -0.021691359821154332 361
1711026070892 -0.012640509402793043 362
1711026070908 -0.0028478517391510305 363
1711026070923 0.006343115773467023 364
1711026070938 0.015502180479684324 365
1711026070953 0.025093630723623472 366
1711026070969 0.033953070909070626 367
1711026070985 0.04273100980120581 368
1711026071001 0.05181439856140413 369
1711026071016 0.06069842630774591 370
1711026071032 0.06981907459580017 371
1711026071047 0.07809684423269336 372
1711026071063 0.08670438447692486 373
1711026071079 0.09564972111778769 374
1711026071096 0.10396720695959805 375
1711026071113 0.11222302038787457 376
1711026071128 0.12038490388575851 377
1711026071144 0.128782490059705 378
1711026071159 0.13736668029725252 379
1711026071175 0.14463839284581514 380
1711026071191 0.15282388909643396 381
1711026071208 0.1608887760754294 382
1711026071224 0.16827266674011665 383
1711026071239 0.17620274721027795 384
1711026071256 0.1836163012893618 385
1711026071272 0.19107796998076765 386
1711026071287 0.19845340112181964 387
1711026071301 0.20590441993627195 388
1711026071318 0.21246215146038938 389
1711026071334 0.2202930727109227 390
1711026071350 0.2273902259889654 391
1711026071366 0.23434327683099854 392
1711026071382 0.24055018893472813 393
1711026071397 0.24804294434759278 394
1711026071413 0.2547114851112747 395
1711026071428 0.261052337154026 396
1711026071444 0.2678722314437171 397
1711026071461 0.27405673139668707 398
1711026071480 0.28061590093199795 399
1711026071495 0.28637839556373523 400
1711026071516 0.2927345900495206 401
1711026071555 0.2985630573012562 402
1711026071568 0.30458714909186335 403
1711026071584 0.31069100906337077 404
1711026071601 0.3163299518649211 405
1711026071617 0.32154203992859676 406
1711026071636 0.32788609651700096 407
1711026071651 0.33308859372925115 408
1711026071667 0.3388617334346612 409
1711026071682 0.3440843574254624 410
1711026071698 0.34993508903395154 411
1711026071713 0.35522425444517425 412
1711026071730 0.36052446091509727 413
1711026071745 0.36590836548948635 414
1711026071761 0.37087534268776357 415
1711026071780 0.37637753806137364 416
1711026071796 0.38151821365571126 417
1711026071812 0.386547424661316 418
1711026071827 0.39136089582572486 419
1711026071843 0.3963539180690313 420
1711026071860 0.40143734994101155 421
1711026071879 0.40616001683060754 422
1711026071894 0.41082994818362595 423
1711026071909 0.41553407234235284 424
1711026071925 0.4201566310586865 425
1711026071943 0.4245688929955722 426
1711026071960 0.42921898624069266 427
1711026071976 0.4334744449045035 428
1711026071993 0.4376928122789643 429
1711026072009 0.4423359290994048 430
1711026072025 0.4462965758467221 431
1711026072042 0.45053496756403066 432
1711026072060 0.4548920853674333 433
1711026072077 0.45880133234767373 434
1711026072094 0.46317950666349095 435
1711026072112 0.4670077495730167 436
1711026072134 0.4709409275477512 437
1711026072149 0.4751149213425495 438
1711026072165 0.4788549541017936 439
1711026072181 0.48259478220561247 440
1711026072197 0.4861645480102641 441
1711026072213 0.4901588525299818 442
1711026072230 0.4936695356702475 443
1711026072246 0.49716764563768934 444
1711026072262 0.5007222326161417 445
1711026072279 0.5041533634392485 446
1711026072295 0.5076464891761088 447
1711026072311 0.5110981678363717 448
1711026072327 0.5147658145095699 449
1711026072343 0.5178155437542953 450
1711026072360 0.5214456341149255 451
1711026072378 0.5248976441343527 452
1711026072395 0.52788906196413 453
1711026072411 0.5312290454299509 454
1711026072428 0.5345911498460881 455
1711026072444 0.5376227282156657 456
1711026072460 0.540932994943118 457
1711026072475 0.5438747075939645 458
1711026072491 0.5467633582473086 459
1711026072507 0.5500446564778017 460
1711026072523 0.5526988458737627 461
1711026072546 0.555736310131296 462
1711026072576 0.5587136172809122 463
1711026072592 0.5612199166913312 464
1711026072607 0.56412431441192 465
1711026072621 0.5667096685866133 466
1711026072640 0.5698603296512648 467
1711026072656 0.5723460367335922 468
1711026072670 0.5750172477928401 469
1711026072685 0.5776748839943182 470
1711026072702 0.580257839954998 471
1711026072717 0.5830741569704132 472
1711026072734 0.5855623136511452 473
1711026072750 0.5881680314697033 474
1711026072766 0.5908501058294268 475
1711026072781 0.5932204147305924 476
1711026072799 0.595786518645447 477
1711026072816 0.5981953723399288 478
1711026072832 0.6006064122705832 479
1711026072849 0.6031510349841752 480
1711026072864 0.6055113471584834 481
1711026072879 0.6077072930753187 482
1711026072897 0.6101955511037978 483
1711026072913 0.6125224213575999 484
1711026072928 0.6147345575702932 485
1711026072945 0.6168967823833997 486
1711026072961 0.6192189123172229 487
1711026072976 0.6214206659736584 488
1711026072993 0.6236631941012444 489
1711026073010 0.6259137579426519 490
1711026073026 0.6281205635502909 491
1711026073042 0.6302354366051899 492
1711026073063 0.6323119080969414 493
1711026073084 0.6343086213958862 494
1711026073108 0.6366151685737753 495
1711026073122 0.6388405872214955 496
1711026073140 0.640870921683341 497
1711026073196 0.64275131672504 498
1711026073261 0.6448032775230346 499
