1711026064439 4556.93359375 0
1711026064478 4614.32470703125 1
1711026064540 4543.010009765625 2
1711026064564 4469.57275390625 3
1711026064585 4522.54248046875 4
1711026064602 4556.45654296875 5
1711026064621 4432.83056640625 6
1711026064639 4543.18017578125 7
1711026064657 4433.774169921875 8
1711026064672 4520.352783203125 9
1711026064688 4485.779541015625 10
1711026064703 4519.55712890625 11
1711026064718 4483.35595703125 12
1711026064735 4518.254638671875 13
1711026064751 4317.90771484375 14
1711026064767 4517.741943359375 15
1711026064784 4443.288818359375 16
1711026064803 4572.143310546875 17
1711026064818 4366.6123046875 18
1711026064833 4396.2587890625 19
1711026064849 4450.52783203125 20
1711026064865 4418.081787109375 21
1711026064880 4340.8984375 22
1711026064896 4278.11328125 23
1711026064911 4325.49560546875 24
1711026064927 4362.368408203125 25
1711026064943 4312.2998046875 26
1711026064959 4327.007080078125 27
1711026064973 4228.967041015625 28
1711026064988 4225.236328125 29
1711026065004 4206.7060546875 30
1711026065020 4113.8131103515625 31
1711026065036 4144.4674072265625 32
1711026065053 4224.23291015625 33
1711026065069 4222.3115234375 34
1711026065084 4204.96728515625 35
1711026065101 4284.351806640625 36
1711026065117 3996.32861328125 37
1711026065133 3971.419921875 38
1711026065149 4039.1212158203125 39
1711026065165 3977.3409423828125 40
1711026065181 4130.3751220703125 41
1711026065196 4150.9403076171875 42
1711026065212 4132.48291015625 43
1711026065228 3982.038818359375 44
1711026065243 3991.616455078125 45
1711026065259 3862.3712158203125 46
1711026065273 3866.4302978515625 47
1711026065288 3939.8206787109375 48
1711026065310 3873.4613037109375 49
1711026065326 3875.027587890625 50
1711026065341 3890.658935546875 51
1711026065357 3906.3160400390625 52
1711026065373 3858.929443359375 53
1711026065388 3683.227783203125 54
1711026065404 3767.618408203125 55
1711026065419 3680.4876708984375 56
1711026065435 3729.5946044921875 57
1711026065451 3687.4595947265625 58
1711026065467 3587.24560546875 59
1711026065484 3550.898681640625 60
1711026065500 3644.64453125 61
1711026065517 3528.8594970703125 62
1711026065534 3518.0684814453125 63
1711026065592 3491.7679443359375 64
1711026065645 3462.82861328125 65
1711026065665 3312.359130859375 66
1711026065704 3337.229736328125 67
1711026065719 3424.49560546875 68
1711026065734 3297.653564453125 69
1711026065751 3274.23388671875 70
1711026065767 3330.886962890625 71
1711026065784 3224.125732421875 72
1711026065804 3135.933349609375 73
1711026065820 3146.56494140625 74
1711026065836 3147.1649169921875 75
1711026065853 3116.374755859375 76
1711026065870 2985.5765380859375 77
1711026065887 2940.783203125 78
1711026065903 2968.78857421875 79
1711026065924 3020.746826171875 80
1711026065938 2980.439453125 81
1711026065954 2855.0665283203125 82
1711026065970 2781.623291015625 83
1711026065986 2831.1199951171875 84
1711026066001 2791.0054931640625 85
1711026066017 2729.7857666015625 86
1711026066033 2715.7342529296875 87
1711026066048 2718.25537109375 88
1711026066064 2605.3544921875 89
1711026066080 2587.6602783203125 90
1711026066095 2533.86181640625 91
1711026066111 2568.2080078125 92
1711026066125 2536.7982177734375 93
1711026066144 2429.9815673828125 94
1711026066158 2443.442138671875 95
1711026066171 2413.1749267578125 96
1711026066187 2375.000732421875 97
1711026066203 2352.9052734375 98
1711026066219 2274.2510986328125 99
1711026066236 2277.6878662109375 100
1711026066252 2196.4324951171875 101
1711026066268 2229.796875 102
1711026066285 2118.8301391601562 103
1711026066300 2149.184814453125 104
1711026066317 2094.822021484375 105
1711026066334 2148.5618896484375 106
1711026066349 1924.1824340820312 107
1711026066365 2000.5519409179688 108
1711026066380 1963.7575073242188 109
1711026066396 1925.5150756835938 110
1711026066412 1997.654296875 111
1711026066428 1901.9401245117188 112
1711026066443 1846.4161987304688 113
1711026066459 1789.1944580078125 114
1711026066471 1730.825927734375 115
1711026066488 1757.7804565429688 116
1711026066504 1742.9666137695312 117
1711026066520 1705.6825561523438 118
1711026066536 1671.5792236328125 119
1711026066552 1628.2587890625 120
1711026066569 1632.1258544921875 121
1711026066585 1564.1303100585938 122
1711026066602 1636.9751586914062 123
1711026066618 1564.7540893554688 124
1711026066637 1533.6563720703125 125
1711026066652 1494.8278198242188 126
1711026066667 1631.887939453125 127
1711026066682 1481.1423950195312 128
1711026066698 1456.1875610351562 129
1711026066713 1458.3853149414062 130
1711026066729 1384.2319946289062 131
1711026066745 1341.8761596679688 132
1711026066759 1453.6373901367188 133
1711026066774 1393.5233154296875 134
1711026066793 1335.50341796875 135
1711026066807 1270.226318359375 136
1711026066826 1329.9276733398438 137
1711026066842 1270.6915283203125 138
1711026066857 1275.2159423828125 139
1711026066873 1226.6980590820312 140
1711026066889 1270.8668823242188 141
1711026066903 1241.4957275390625 142
1711026066919 1285.3563842773438 143
1711026066935 1220.7725830078125 144
1711026066951 1204.0191650390625 145
1711026066978 1145.9599304199219 146
1711026066996 1202.814697265625 147
1711026067010 1237.8834838867188 148
1711026067026 1184.2217407226562 149
1711026067042 1138.3685913085938 150
1711026067057 1189.3167724609375 151
1711026067075 1173.1571655273438 152
1711026067090 1136.35693359375 153
1711026067106 1134.2264404296875 154
1711026067122 1148.9662475585938 155
1711026067140 1126.8497924804688 156
1711026067156 1148.0323486328125 157
1711026067172 1067.582763671875 158
1711026067188 1083.586669921875 159
1711026067205 1145.5492858886719 160
1711026067220 1089.2889404296875 161
1711026067236 1122.1472473144531 162
1711026067252 1066.1058349609375 163
1711026067269 1064.0220336914062 164
1711026067285 1045.9196166992188 165
1711026067301 1029.87109375 166
1711026067315 1034.412353515625 167
1711026067331 1004.7623901367188 168
1711026067347 1060.9441528320312 169
1711026067363 989.7825012207031 170
1711026067379 964.6505126953125 171
1711026067394 980.0415344238281 172
1711026067410 1056.4117431640625 173
1711026067425 1039.1837768554688 174
1711026067438 1013.0888671875 175
1711026067453 1058.3389892578125 176
1711026067469 1034.1102600097656 177
1711026067486 990.9137878417969 178
1711026067501 950.1111450195312 179
1711026067518 1006.1067504882812 180
1711026067534 960.4961242675781 181
1711026067550 929.075927734375 182
1711026067570 952.2059936523438 183
1711026067587 1037.2027587890625 184
1711026067602 933.1835327148438 185
1711026067619 955.2046203613281 186
1711026067636 954.0254821777344 187
1711026067653 962.06787109375 188
1711026067670 930.1458740234375 189
1711026067687 897.2146911621094 190
1711026067702 971.5391845703125 191
1711026067719 895.4598388671875 192
1711026067735 891.2573547363281 193
1711026067752 931.7450256347656 194
1711026067769 878.1553039550781 195
1711026067786 890.4302368164062 196
1711026067821 874.8912353515625 197
1711026067844 878.65625 198
1711026067860 856.3815307617188 199
1711026067876 884.6330261230469 200
1711026067893 879.3325500488281 201
1711026067909 858.0125122070312 202
1711026067924 796.8753967285156 203
1711026067940 904.7214965820312 204
1711026067956 839.6581115722656 205
1711026067974 807.43115234375 206
1711026067990 833.5788269042969 207
1711026068006 794.8380432128906 208
1711026068023 860.0282897949219 209
1711026068035 822.1217651367188 210
1711026068051 848.8941345214844 211
1711026068068 836.4605712890625 212
1711026068086 786.1896667480469 213
1711026068102 812.1809692382812 214
1711026068191 873.9229431152344 215
1711026068218 793.3240356445312 216
1711026068252 808.4733581542969 217
1711026068267 777.3042907714844 218
1711026068284 772.0440979003906 219
1711026068300 777.099609375 220
1711026068330 802.4003295898438 221
1711026068367 758.7687683105469 222
1711026068426 732.4553833007812 223
1711026068468 799.456787109375 224
1711026068484 720.518310546875 225
1711026068500 730.9937133789062 226
1711026068517 725.5871276855469 227
1711026068533 746.9206237792969 228
1711026068550 780.9963073730469 229
1711026068566 793.4840087890625 230
1711026068582 730.4330749511719 231
1711026068600 729.6298217773438 232
1711026068617 707.8599243164062 233
1711026068634 699.7887573242188 234
1711026068664 695.9779663085938 235
1711026068680 706.3955078125 236
1711026068696 712.2060241699219 237
1711026068712 683.9319152832031 238
1711026068727 634.7376251220703 239
1711026068743 649.4944458007812 240
1711026068759 682.7898864746094 241
1711026068776 638.0181884765625 242
1711026068796 656.194580078125 243
1711026068813 696.4554138183594 244
1711026068828 632.0802307128906 245
1711026068846 636.0850830078125 246
1711026068861 674.2424011230469 247
1711026068877 644.9888000488281 248
1711026068893 647.9194641113281 249
1711026068908 615.2546691894531 250
1711026068925 620.6250915527344 251
1711026068941 659.3356323242188 252
1711026068956 599.4081115722656 253
1711026068973 635.7051391601562 254
1711026068991 597.8609008789062 255
1711026069009 625.2254638671875 256
1711026069024 582.5126342773438 257
1711026069041 579.0427551269531 258
1711026069056 536.2896423339844 259
1711026069072 605.080078125 260
1711026069087 593.0033569335938 261
1711026069104 523.1898498535156 262
1711026069119 577.2826538085938 263
1711026069139 541.7559661865234 264
1711026069156 554.8812866210938 265
1711026069174 562.3172912597656 266
1711026069191 548.6688537597656 267
1711026069207 557.9034118652344 268
1711026069224 511.7043914794922 269
1711026069239 510.7193298339844 270
1711026069254 576.2188110351562 271
1711026069270 547.9636535644531 272
1711026069287 547.8634185791016 273
1711026069307 549.2000885009766 274
1711026069323 506.5779266357422 275
1711026069340 525.6860961914062 276
1711026069355 504.56488037109375 277
1711026069373 553.6348571777344 278
1711026069389 497.8636779785156 279
1711026069406 517.6253356933594 280
1711026069420 492.63243103027344 281
1711026069437 502.63311767578125 282
1711026069454 459.4043884277344 283
1711026069474 483.9197692871094 284
1711026069491 484.98341369628906 285
1711026069517 487.8196105957031 286
1711026069532 478.07408142089844 287
1711026069548 473.158935546875 288
1711026069564 454.6943664550781 289
1711026069580 435.2220764160156 290
1711026069596 447.5407257080078 291
1711026069612 460.7623291015625 292
1711026069630 447.68553161621094 293
1711026069645 468.0537567138672 294
1711026069661 423.4652099609375 295
1711026069677 439.6368713378906 296
1711026069693 416.1061248779297 297
1711026069710 456.40492248535156 298
1711026069727 419.48890686035156 299
1711026069743 397.56385803222656 300
1711026069760 424.952392578125 301
1711026069778 410.7928771972656 302
1711026069794 394.53968811035156 303
1711026069812 415.1507568359375 304
1711026069829 407.4490661621094 305
1711026069846 409.89849853515625 306
1711026069862 394.6697998046875 307
1711026069878 397.5298309326172 308
1711026069895 370.4024353027344 309
1711026069911 409.2944030761719 310
1711026069926 381.2176971435547 311
1711026069943 383.46177673339844 312
1711026069959 389.9312744140625 313
1711026069975 360.0207824707031 314
1711026069990 371.94126892089844 315
1711026070006 364.7565155029297 316
1711026070022 382.6986999511719 317
1711026070037 356.2814178466797 318
1711026070054 366.00933837890625 319
1711026070069 366.3445587158203 320
1711026070085 338.197509765625 321
1711026070102 356.5544891357422 322
1711026070132 348.4218292236328 323
1711026070149 341.5347595214844 324
1711026070166 326.7634735107422 325
1711026070182 348.00146484375 326
1711026070199 305.8693161010742 327
1711026070216 312.3822784423828 328
1711026070232 319.0405731201172 329
1711026070249 305.38368225097656 330
1711026070266 319.15733337402344 331
1711026070283 299.5149230957031 332
1711026070299 299.7265625 333
1711026070316 323.6448669433594 334
1711026070332 307.6987609863281 335
1711026070349 302.2213592529297 336
1711026070364 303.2838897705078 337
1711026070380 314.23883056640625 338
1711026070396 293.52630615234375 339
1711026070412 289.5261535644531 340
1711026070428 271.2523498535156 341
1711026070444 273.7981719970703 342
1711026070459 283.5363311767578 343
1711026070475 293.9783935546875 344
1711026070491 275.01983642578125 345
1711026070504 289.6998825073242 346
1711026070521 266.78853607177734 347
1711026070541 284.4322204589844 348
1711026070557 279.1551208496094 349
1711026070571 268.70433044433594 350
1711026070587 255.96839904785156 351
1711026070675 263.4071350097656 352
1711026070727 254.62899017333984 353
1711026070740 249.72917938232422 354
1711026070758 259.752685546875 355
1711026070776 259.11878967285156 356
1711026070796 261.67893981933594 357
1711026070816 242.65065002441406 358
1711026070832 245.16690826416016 359
1711026070849 242.9880599975586 360
1711026070867 254.08099365234375 361
1711026070884 219.09173583984375 362
1711026070901 237.65482330322266 363
1711026070917 242.08045959472656 364
1711026070933 228.3389892578125 365
1711026070949 258.90917205810547 366
1711026070965 243.69296264648438 367
1711026070981 220.48867797851562 368
1711026070997 236.3967056274414 369
1711026071013 229.20030975341797 370
1711026071028 233.81975555419922 371
1711026071044 222.8022918701172 372
1711026071060 210.1568374633789 373
1711026071075 205.58905792236328 374
1711026071091 209.8408966064453 375
1711026071107 218.53359985351562 376
1711026071122 202.0892562866211 377
1711026071139 197.66121673583984 378
1711026071155 222.5915298461914 379
1711026071168 193.93563079833984 380
1711026071184 201.62481689453125 381
1711026071201 196.01507568359375 382
1711026071217 192.69134521484375 383
1711026071233 203.6046600341797 384
1711026071249 191.0346908569336 385
1711026071266 185.15135192871094 386
1711026071283 187.05557250976562 387
1711026071298 199.48272705078125 388
1711026071314 170.77191925048828 389
1711026071331 182.49000549316406 390
1711026071346 191.00692749023438 391
1711026071362 195.056396484375 392
1711026071378 177.19849395751953 393
1711026071394 175.43614959716797 394
1711026071409 185.53445434570312 395
1711026071425 173.64012145996094 396
1711026071441 179.79656219482422 397
1711026071456 163.34901428222656 398
1711026071476 167.26958465576172 399
1711026071492 159.98684692382812 400
1711026071509 165.76351928710938 401
1711026071550 165.6408462524414 402
1711026071565 159.31829833984375 403
1711026071581 170.01102447509766 404
1711026071598 174.9711151123047 405
1711026071614 144.61084747314453 406
1711026071632 167.94100189208984 407
1711026071648 160.88394165039062 408
1711026071664 152.27796936035156 409
1711026071679 155.1901626586914 410
1711026071694 152.86343383789062 411
1711026071710 157.03887939453125 412
1711026071726 146.05146026611328 413
1711026071742 151.84085083007812 414
1711026071757 148.62715911865234 415
1711026071773 143.49358367919922 416
1711026071792 154.15528869628906 417
1711026071809 146.39029693603516 418
1711026071824 131.44103622436523 419
1711026071838 143.7534942626953 420
1711026071853 145.63744354248047 421
1711026071869 145.0183563232422 422
1711026071891 137.79220581054688 423
1711026071905 139.1404037475586 424
1711026071919 131.69073104858398 425
1711026071936 120.26039123535156 426
1711026071954 137.47681427001953 427
1711026071970 129.81169891357422 428
1711026071987 122.51224517822266 429
1711026072002 128.8912811279297 430
1711026072019 124.27307510375977 431
1711026072035 124.96546173095703 432
1711026072053 140.31422424316406 433
1711026072072 137.5451316833496 434
1711026072087 136.3558120727539 435
1711026072109 129.37883377075195 436
1711026072130 113.47321319580078 437
1711026072146 120.61163711547852 438
1711026072162 119.88336563110352 439
1711026072178 114.55565643310547 440
1711026072194 114.47342300415039 441
1711026072210 115.33087921142578 442
1711026072226 121.84262084960938 443
1711026072243 116.77685165405273 444
1711026072259 111.51753997802734 445
1711026072276 116.72610092163086 446
1711026072292 116.81604766845703 447
1711026072308 118.89654541015625 448
1711026072324 131.84430694580078 449
1711026072339 108.4881591796875 450
1711026072355 118.1119384765625 451
1711026072372 119.74132919311523 452
1711026072389 111.28968811035156 453
1711026072407 101.72114181518555 454
1711026072421 108.54092407226562 455
1711026072439 106.35303115844727 456
1711026072453 116.18657684326172 457
1711026072468 104.14906311035156 458
1711026072484 97.89902877807617 459
1711026072500 111.39661407470703 460
1711026072517 89.99843788146973 461
1711026072533 106.71138763427734 462
1711026072567 105.29582595825195 463
1711026072586 99.06086349487305 464
1711026072601 96.53965377807617 465
1711026072617 102.24760437011719 466
1711026072634 110.80520629882812 467
1711026072651 105.26912307739258 468
1711026072666 104.6465072631836 469
1711026072682 105.52921676635742 470
1711026072698 95.08660888671875 471
1711026072714 96.73213195800781 472
1711026072730 88.39119529724121 473
1711026072747 94.22872161865234 474
1711026072762 96.32229614257812 475
1711026072778 87.26479911804199 476
1711026072795 99.5284652709961 477
1711026072813 96.53108596801758 478
1711026072829 95.9077377319336 479
1711026072845 97.29720306396484 480
1711026072861 95.82298278808594 481
1711026072876 84.51683044433594 482
1711026072893 92.90398406982422 483
1711026072909 94.43363952636719 484
1711026072925 89.77659606933594 485
1711026072940 88.94799423217773 486
1711026072956 85.89308166503906 487
1711026072971 81.72620391845703 488
1711026072986 91.0424919128418 489
1711026073003 89.40497589111328 490
1711026073019 94.90247344970703 491
1711026073035 86.80363464355469 492
1711026073051 81.73451614379883 493
1711026073081 86.13796615600586 494
1711026073103 86.71598815917969 495
1711026073118 96.89237213134766 496
1711026073134 88.95528411865234 497
1711026073191 84.54898071289062 498
1711026073249 84.15715026855469 499
