1711051749945 4622.923095703125 0
1711051749992 4574.466064453125 1
1711051750037 4654.957275390625 2
1711051750084 4559.7216796875 3
1711051750130 4515.322509765625 4
1711051750176 4533.48486328125 5
1711051750220 4560.55615234375 6
1711051750264 4542.12939453125 7
1711051750310 4549.47900390625 8
1711051750354 4514.67138671875 9
1711051750405 4421.319091796875 10
1711051750457 4528.8291015625 11
1711051750523 4542.84619140625 12
1711051750586 4471.739501953125 13
1711051750633 4503.5107421875 14
1711051750686 4374.620361328125 15
1711051750734 4415.814453125 16
1711051750780 4449.771240234375 17
1711051750825 4492.981689453125 18
1711051750870 4436.445068359375 19
1711051750915 4420.692138671875 20
1711051750999 4259.47265625 21
1711051751073 4370.384521484375 22
1711051751144 4345.120361328125 23
1711051751191 4461.9736328125 24
1711051751238 4431.605224609375 25
1711051751284 4143.3267822265625 26
1711051751332 4288.15380859375 27
1711051751379 4252.91943359375 28
1711051751426 4241.631591796875 29
1711051751474 4214.26611328125 30
1711051751520 4076.667236328125 31
1711051751568 4263.628662109375 32
1711051751616 4187.28466796875 33
1711051751664 4130.55908203125 34
1711051751714 4168.312255859375 35
1711051751762 4136.6595458984375 36
1711051751809 4260.672119140625 37
1711051751855 4125.67333984375 38
1711051751902 4125.8343505859375 39
1711051751948 4064.4400634765625 40
1711051751996 4074.2698974609375 41
1711051752045 4040.6099853515625 42
1711051752096 3996.5194091796875 43
1711051752150 3901.5992431640625 44
1711051752194 3894.670166015625 45
1711051752241 3921.5692138671875 46
1711051752283 3899.465576171875 47
1711051752330 3942.0048828125 48
1711051752376 3846.7813720703125 49
1711051752421 3888.27783203125 50
1711051752466 3814.586669921875 51
1711051752512 3822.137939453125 52
1711051752590 3764.124755859375 53
1711051752655 3704.283203125 54
1711051752705 3710.9744873046875 55
1711051752752 3629.89697265625 56
1711051752809 3554.1839599609375 57
1711051752858 3505.9049072265625 58
1711051752902 3628.3502197265625 59
1711051752949 3567.443115234375 60
1711051752996 3560.8033447265625 61
1711051753044 3539.918701171875 62
1711051753088 3399.3604736328125 63
1711051753135 3580.441162109375 64
1711051753179 3475.0599365234375 65
1711051753224 3417.4090576171875 66
1711051753268 3306.8858642578125 67
1711051753321 3341.609375 68
1711051753368 3246.4954833984375 69
1711051753414 3259.26513671875 70
1711051753460 3360.1107177734375 71
1711051753506 3118.74560546875 72
1711051753553 3137.9566650390625 73
1711051753598 3129.61962890625 74
1711051753644 3092.917724609375 75
1711051753694 3011.917236328125 76
1711051753737 2974.1641845703125 77
1711051753785 2927.27392578125 78
1711051753832 2838.4310302734375 79
1711051753879 2826.4471435546875 80
1711051753924 2902.0050048828125 81
1711051753969 2771.381591796875 82
1711051754013 2751.321533203125 83
1711051754058 2749.69091796875 84
1711051754105 2821.469482421875 85
1711051754151 2687.2987060546875 86
1711051754197 2621.6895751953125 87
1711051754242 2515.520751953125 88
1711051754288 2470.287841796875 89
1711051754334 2463.44140625 90
1711051754381 2501.477783203125 91
1711051754428 2484.3857421875 92
1711051754474 2454.3515625 93
1711051754519 2377.6710205078125 94
1711051754566 2375.504638671875 95
1711051754614 2352.07177734375 96
1711051754660 2306.1307373046875 97
1711051754703 2235.49072265625 98
1711051754750 2205.478515625 99
1711051754797 2175.708251953125 100
1711051754842 2125.2010498046875 101
1711051754888 2135.660400390625 102
1711051754935 2039.048583984375 103
1711051754981 2047.6556396484375 104
1711051755026 2003.8221435546875 105
1711051755068 2007.3278198242188 106
1711051755114 1910.8590087890625 107
1711051755160 1866.1325073242188 108
1711051755203 1840.2904663085938 109
1711051755250 1882.5324096679688 110
1711051755295 1748.7461547851562 111
1711051755339 1828.3558959960938 112
1711051755384 1771.876708984375 113
1711051755431 1701.77490234375 114
1711051755477 1784.306640625 115
1711051755523 1590.6553955078125 116
1711051755571 1677.5440673828125 117
1711051755620 1600.4417724609375 118
1711051755665 1600.3483276367188 119
1711051755717 1504.7205200195312 120
1711051755762 1555.0989990234375 121
1711051755809 1523.4669189453125 122
1711051755852 1521.0023193359375 123
1711051755899 1500.4514770507812 124
1711051755946 1473.1387329101562 125
1711051755992 1381.2596435546875 126
1711051756039 1462.8060302734375 127
1711051756085 1386.51318359375 128
1711051756131 1329.0938720703125 129
1711051756176 1293.0008544921875 130
1711051756220 1330.1620483398438 131
1711051756267 1406.4729614257812 132
1711051756316 1354.2001953125 133
1711051756361 1222.5308837890625 134
1711051756407 1324.0714721679688 135
1711051756453 1176.7593994140625 136
1711051756528 1178.3685607910156 137
1711051756605 1231.070068359375 138
1711051756680 1255.5205688476562 139
1711051756731 1211.2093505859375 140
1711051756778 1152.7388610839844 141
1711051756824 1165.72119140625 142
1711051756865 1160.1012573242188 143
1711051756913 1140.9824829101562 144
1711051756959 1142.2880859375 145
1711051757005 1150.3475341796875 146
1711051757050 1163.455078125 147
1711051757097 1115.42041015625 148
1711051757143 1074.079833984375 149
1711051757187 1109.70654296875 150
1711051757234 1105.4461059570312 151
1711051757280 1110.8292236328125 152
1711051757326 1119.0391235351562 153
1711051757371 1099.320068359375 154
1711051757417 1119.1489868164062 155
1711051757462 1072.6953735351562 156
1711051757508 1058.3461303710938 157
1711051757552 1024.854248046875 158
1711051757601 1105.4922180175781 159
1711051757647 1039.4023132324219 160
1711051757694 1032.4674072265625 161
1711051757737 1064.887451171875 162
1711051757784 1075.7017211914062 163
1711051757838 1016.1217346191406 164
1711051757918 1069.7726440429688 165
1711051757964 1013.0587463378906 166
1711051758009 995.8925170898438 167
1711051758052 1011.5743408203125 168
1711051758100 1032.8411254882812 169
1711051758148 1008.6104125976562 170
1711051758194 1050.5226745605469 171
1711051758240 1020.9140014648438 172
1711051758287 992.3894958496094 173
1711051758331 1004.7611389160156 174
1711051758378 977.8081665039062 175
1711051758423 1046.2482299804688 176
1711051758467 966.2753295898438 177
1711051758513 966.1161804199219 178
1711051758561 989.0865173339844 179
1711051758608 993.1889038085938 180
1711051758655 985.3921508789062 181
1711051758701 918.9229736328125 182
1711051758771 945.6028442382812 183
1711051758824 950.2223510742188 184
1711051758878 950.480224609375 185
1711051758924 1014.662353515625 186
1711051758970 911.841552734375 187
1711051759014 901.6694030761719 188
1711051759062 915.2939453125 189
1711051759108 934.4661865234375 190
1711051759152 908.2305603027344 191
1711051759196 895.1281127929688 192
1711051759241 907.1549072265625 193
1711051759284 910.9251708984375 194
1711051759331 867.0008239746094 195
1711051759377 893.2579650878906 196
1711051759423 926.1814270019531 197
1711051759468 822.3883361816406 198
1711051759514 861.841064453125 199
1711051759557 896.5762939453125 200
1711051759604 885.6859436035156 201
1711051759651 882.3406982421875 202
1711051759696 886.471435546875 203
1711051759743 888.1969299316406 204
1711051759793 852.3213806152344 205
1711051759839 871.8329162597656 206
1711051759886 849.1965942382812 207
1711051759931 848.7230529785156 208
1711051759978 865.5830078125 209
1711051760023 798.5302429199219 210
1711051760068 843.0576782226562 211
1711051760113 816.1991882324219 212
1711051760157 854.2166137695312 213
1711051760202 809.9386291503906 214
1711051760247 798.2349853515625 215
1711051760291 806.0066833496094 216
1711051760335 794.1768188476562 217
1711051760381 755.6177978515625 218
1711051760427 803.007080078125 219
1711051760472 775.1266174316406 220
1711051760515 798.2807312011719 221
1711051760559 769.0781860351562 222
1711051760603 806.2247924804688 223
1711051760650 781.3479309082031 224
1711051760698 774.9130554199219 225
1711051760747 780.8992309570312 226
1711051760793 784.2817077636719 227
1711051760837 779.7648010253906 228
1711051760882 739.2198486328125 229
1711051760928 728.7483825683594 230
1711051760973 717.3403625488281 231
1711051761025 740.693359375 232
1711051761069 752.3542785644531 233
1711051761114 700.6296691894531 234
1711051761159 735.6858520507812 235
1711051761201 710.8977661132812 236
1711051761248 784.9920654296875 237
1711051761294 701.7421875 238
1711051761340 718.8381042480469 239
1711051761385 733.5174865722656 240
1711051761430 717.6612243652344 241
1711051761476 739.7875366210938 242
1711051761518 690.8348388671875 243
1711051761564 684.5726318359375 244
1711051761609 691.7312622070312 245
1711051761656 654.6254272460938 246
1711051761702 709.4042663574219 247
1711051761746 713.7177429199219 248
1711051761795 671.0758056640625 249
1711051761840 697.9148559570312 250
1711051761883 671.1775512695312 251
1711051761930 663.5548400878906 252
1711051761977 651.4225463867188 253
1711051762022 670.6560668945312 254
1711051762066 637.2662048339844 255
1711051762110 629.7277221679688 256
1711051762152 647.8098754882812 257
1711051762198 661.7963256835938 258
1711051762246 623.3688354492188 259
1711051762292 577.6145935058594 260
1711051762337 620.3203735351562 261
1711051762382 628.6967163085938 262
1711051762427 651.9474182128906 263
1711051762470 618.0831909179688 264
1711051762516 603.7242431640625 265
1711051762562 578.8900146484375 266
1711051762609 573.3065795898438 267
1711051762659 577.8837585449219 268
1711051762704 593.5436401367188 269
1711051762753 608.5204162597656 270
1711051762805 570.7407531738281 271
1711051762852 591.7933349609375 272
1711051762900 559.5197143554688 273
1711051762947 582.0961608886719 274
1711051762994 569.7165222167969 275
1711051763051 554.2573852539062 276
1711051763096 598.600830078125 277
1711051763142 560.2583618164062 278
1711051763184 545.398193359375 279
1711051763232 560.7662353515625 280
1711051763280 571.9544830322266 281
1711051763325 539.8571166992188 282
1711051763368 524.6106414794922 283
1711051763415 509.63409423828125 284
1711051763461 536.0347290039062 285
1711051763505 512.7778625488281 286
1711051763551 508.3303527832031 287
1711051763597 510.4274597167969 288
1711051763643 526.2568359375 289
1711051763693 523.6320495605469 290
1711051763755 496.3533020019531 291
1711051763803 506.7176818847656 292
1711051763851 493.78724670410156 293
1711051763896 466.1275634765625 294
1711051763937 477.58935546875 295
1711051763983 484.3957214355469 296
1711051764029 490.302734375 297
1711051764073 460.6426544189453 298
1711051764142 441.68695068359375 299
1711051764237 438.6780242919922 300
1711051764301 456.30641174316406 301
1711051764346 423.8481750488281 302
1711051764391 469.4047393798828 303
1711051764434 467.4586181640625 304
1711051764477 430.3541259765625 305
1711051764527 446.4509735107422 306
1711051764573 449.04248046875 307
1711051764614 453.6299743652344 308
1711051764665 445.79844665527344 309
1711051764711 445.18817138671875 310
1711051764773 420.9486389160156 311
1711051764821 431.1960906982422 312
1711051764872 392.50062561035156 313
1711051764929 414.2926940917969 314
1711051765002 438.39903259277344 315
1711051765059 421.14756774902344 316
1711051765103 384.0670471191406 317
1711051765147 382.4956359863281 318
1711051765191 403.935791015625 319
1711051765234 388.92442321777344 320
1711051765281 379.7900085449219 321
1711051765327 369.7417907714844 322
1711051765374 373.108154296875 323
1711051765419 380.5369873046875 324
1711051765471 382.52191162109375 325
1711051765527 352.97727966308594 326
1711051765572 351.8568115234375 327
1711051765615 366.70838928222656 328
1711051765681 366.8683624267578 329
1711051765740 360.6549987792969 330
1711051765784 370.1246337890625 331
1711051765834 368.4110107421875 332
1711051765881 347.7669372558594 333
1711051765927 341.75274658203125 334
1711051765972 371.5758514404297 335
1711051766022 331.8741760253906 336
1711051766066 339.60093688964844 337
1711051766112 341.8518829345703 338
1711051766158 320.4844207763672 339
1711051766199 310.60276794433594 340
1711051766247 348.8594512939453 341
1711051766293 317.4721984863281 342
1711051766342 333.26597595214844 343
1711051766384 311.5330047607422 344
1711051766430 325.04071044921875 345
1711051766478 319.88047790527344 346
1711051766522 310.2294158935547 347
1711051766566 301.7344665527344 348
1711051766613 299.1490936279297 349
1711051766670 319.1389617919922 350
1711051766716 290.5455627441406 351
1711051766762 290.0149688720703 352
1711051766807 285.8919219970703 353
1711051766855 303.81248474121094 354
1711051766897 294.30531311035156 355
1711051766943 271.5910949707031 356
1711051766987 273.1478958129883 357
1711051767032 282.7624969482422 358
1711051767077 282.4266052246094 359
1711051767119 259.5951156616211 360
1711051767166 273.6158752441406 361
1711051767212 279.4752731323242 362
1711051767256 241.05540466308594 363
1711051767301 272.13292694091797 364
1711051767347 253.39661407470703 365
1711051767394 245.15142059326172 366
1711051767436 256.8355407714844 367
1711051767483 249.04967498779297 368
1711051767527 241.31137084960938 369
1711051767573 246.59571838378906 370
1711051767620 255.10411834716797 371
1711051767664 232.47682189941406 372
1711051767712 254.2076187133789 373
1711051767755 244.96859741210938 374
1711051767799 236.31018829345703 375
1711051767849 241.1624298095703 376
1711051767895 246.44942474365234 377
1711051767942 242.16778564453125 378
1711051767986 256.13182067871094 379
1711051768030 245.174072265625 380
1711051768073 246.18377685546875 381
1711051768116 245.32137298583984 382
1711051768163 238.92034149169922 383
1711051768208 206.76260375976562 384
1711051768253 222.7408447265625 385
1711051768298 214.48722076416016 386
1711051768344 206.7934341430664 387
1711051768389 219.6629180908203 388
1711051768432 202.3843536376953 389
1711051768478 204.55381774902344 390
1711051768524 203.22595977783203 391
1711051768568 213.46735382080078 392
1711051768614 214.76034545898438 393
1711051768659 216.7675552368164 394
1711051768708 202.88928985595703 395
1711051768749 207.94009399414062 396
1711051768798 192.19911193847656 397
1711051768844 210.04824829101562 398
1711051768891 201.36068725585938 399
1711051768938 197.99466705322266 400
1711051768994 191.96600341796875 401
1711051769038 199.92578887939453 402
1711051769084 181.38633728027344 403
1711051769129 185.13677978515625 404
1711051769173 178.75294494628906 405
1711051769217 194.9387664794922 406
1711051769261 196.2721176147461 407
1711051769306 199.0197525024414 408
1711051769350 182.13148498535156 409
1711051769396 185.7852783203125 410
1711051769444 159.44224166870117 411
1711051769489 177.1683807373047 412
1711051769533 178.9427490234375 413
1711051769578 174.8074722290039 414
1711051769623 176.44212341308594 415
1711051769670 160.36949920654297 416
1711051769729 162.9203338623047 417
1711051769774 170.37808990478516 418
1711051769818 163.2678985595703 419
1711051769865 167.2908172607422 420
1711051769910 172.12560272216797 421
1711051769955 155.13928604125977 422
1711051770001 155.27255249023438 423
1711051770045 177.1496353149414 424
1711051770090 155.53384399414062 425
1711051770134 158.141845703125 426
1711051770180 163.8897705078125 427
1711051770225 161.9832763671875 428
1711051770269 151.11082458496094 429
1711051770314 148.2524070739746 430
1711051770359 153.08361053466797 431
1711051770404 143.61584854125977 432
1711051770449 146.2337188720703 433
1711051770494 143.81000900268555 434
1711051770540 152.5780487060547 435
1711051770613 145.9567108154297 436
1711051770685 156.42245483398438 437
1711051770758 152.40348052978516 438
1711051770803 147.27890014648438 439
1711051770849 144.33916473388672 440
1711051770899 144.9923553466797 441
1711051770946 148.61664581298828 442
1711051770993 144.06450653076172 443
1711051771041 139.62124633789062 444
1711051771086 145.67148208618164 445
1711051771132 136.7999038696289 446
1711051771176 141.8629379272461 447
1711051771219 137.92681121826172 448
1711051771266 137.5876007080078 449
1711051771311 135.51229858398438 450
1711051771355 126.4981918334961 451
1711051771400 138.29227828979492 452
1711051771445 120.93059539794922 453
1711051771491 136.00409317016602 454
1711051771535 134.10248184204102 455
1711051771579 124.52727508544922 456
1711051771623 117.85420227050781 457
1711051771668 124.38544082641602 458
1711051771717 123.22710037231445 459
1711051771762 120.7074966430664 460
1711051771807 138.6200180053711 461
1711051771852 113.6661262512207 462
1711051771900 121.35019302368164 463
1711051771947 124.15214538574219 464
1711051771994 117.25809097290039 465
1711051772038 114.6301040649414 466
1711051772083 117.71817779541016 467
1711051772128 116.12699127197266 468
1711051772174 115.06774520874023 469
1711051772218 123.44987869262695 470
1711051772265 131.07326126098633 471
1711051772309 129.06932830810547 472
1711051772351 110.47878646850586 473
1711051772397 121.29466247558594 474
1711051772450 111.13410186767578 475
1711051772497 115.33541870117188 476
1711051772543 118.88873291015625 477
1711051772587 114.88031005859375 478
1711051772630 109.36666107177734 479
1711051772678 111.20184707641602 480
1711051772725 115.02152252197266 481
1711051772772 108.06591033935547 482
1711051772826 115.2397689819336 483
1711051772877 108.42850875854492 484
1711051772921 110.1294059753418 485
1711051772966 118.22089767456055 486
1711051773011 111.21477508544922 487
1711051773058 109.52654266357422 488
1711051773102 102.73701477050781 489
1711051773146 100.46675109863281 490
1711051773191 117.04728698730469 491
1711051773233 99.53678512573242 492
1711051773281 108.28330993652344 493
1711051773327 88.45026397705078 494
1711051773373 114.52245712280273 495
1711051773416 102.46226501464844 496
1711051773461 95.34069061279297 497
1711051773505 101.93989944458008 498
1711051773550 98.19777297973633 499
