1711051749967 -18.474538875736645 0
1711051750012 -18.438845540569197 1
1711051750059 -18.403903432953424 2
1711051750102 -18.369073720882874 3
1711051750149 -18.333791896438267 4
1711051750197 -18.297898891576327 5
1711051750237 -18.26154318740858 6
1711051750283 -18.224969910880382 7
1711051750328 -18.18828699803783 8
1711051750373 -18.14994142224919 9
1711051750428 -18.1114617893362 10
1711051750488 -18.071859596753775 11
1711051750561 -18.030890299581813 12
1711051750605 -17.99020032872853 13
1711051750653 -17.94691100071614 14
1711051750710 -17.90381233986859 15
1711051750752 -17.85864334240754 16
1711051750800 -17.813151857143268 17
1711051750845 -17.765133616982315 18
1711051750890 -17.715287143855317 19
1711051750952 -17.665148068305616 20
1711051751029 -17.6138425683214 21
1711051751104 -17.559365750101954 22
1711051751164 -17.505275264623602 23
1711051751212 -17.446669367874865 24
1711051751256 -17.38871508613187 25
1711051751303 -17.329712396354672 26
1711051751351 -17.267831947334248 27
1711051751399 -17.203316454383494 28
1711051751447 -17.13923094876312 29
1711051751494 -17.07152076495153 30
1711051751540 -17.004675451818766 31
1711051751587 -16.93221511463108 32
1711051751636 -16.860272152094623 33
1711051751684 -16.786118105224357 34
1711051751734 -16.70962844755963 35
1711051751781 -16.6308167111878 36
1711051751829 -16.548904041219135 37
1711051751878 -16.468349317025794 38
1711051751922 -16.38180758727047 39
1711051751967 -16.29427201569662 40
1711051752016 -16.206183991671207 41
1711051752069 -16.11482482399428 42
1711051752126 -16.021213727821806 43
1711051752168 -15.926857977480203 44
1711051752214 -15.830528249388134 45
1711051752259 -15.727127726761374 46
1711051752303 -15.626831725539962 47
1711051752350 -15.527122482578608 48
1711051752396 -15.42134163695275 49
1711051752439 -15.312668609443762 50
1711051752486 -15.204799882915111 51
1711051752537 -15.089161887075957 52
1711051752623 -14.978834280305076 53
1711051752679 -14.86451581522661 54
1711051752724 -14.7489187821099 55
1711051752778 -14.630680700906417 56
1711051752826 -14.5111747598517 57
1711051752877 -14.388685364035458 58
1711051752921 -14.263780175361097 59
1711051752969 -14.14123692132518 60
1711051753018 -14.01456498081866 61
1711051753064 -13.891220959046043 62
1711051753110 -13.763761634015669 63
1711051753153 -13.626395816974053 64
1711051753198 -13.495088889656243 65
1711051753242 -13.365757449380103 66
1711051753288 -13.229988424373358 67
1711051753340 -13.088964367030975 68
1711051753388 -12.954849817040277 69
1711051753432 -12.812487176367167 70
1711051753480 -12.666087305163607 71
1711051753525 -12.533660435858554 72
1711051753571 -12.383515235961285 73
1711051753615 -12.241347419992856 74
1711051753662 -12.09155278682852 75
1711051753712 -11.948042415830063 76
1711051753759 -11.800087781897263 77
1711051753808 -11.647000533763595 78
1711051753851 -11.49504000789019 79
1711051753899 -11.348768867359084 80
1711051753944 -11.191025223977082 81
1711051753988 -11.038094374570358 82
1711051754031 -10.884222811170897 83
1711051754078 -10.725157006767223 84
1711051754123 -10.572650470171522 85
1711051754168 -10.413416094269644 86
1711051754214 -10.25474335502136 87
1711051754259 -10.096307051242215 88
1711051754307 -9.93487702739096 89
1711051754352 -9.781435722983138 90
1711051754401 -9.622434459208884 91
1711051754449 -9.460922932843104 92
1711051754494 -9.299924255203491 93
1711051754542 -9.144011918808769 94
1711051754586 -8.988380629538446 95
1711051754633 -8.83084572592816 96
1711051754678 -8.67307945846861 97
1711051754723 -8.519941753272688 98
1711051754767 -8.363972276870976 99
1711051754813 -8.209982457536471 100
1711051754862 -8.060724644480961 101
1711051754911 -7.911665885559067 102
1711051754953 -7.769025439022235 103
1711051755000 -7.6162009323291695 104
1711051755044 -7.476114512512066 105
1711051755087 -7.337414500505318 106
1711051755131 -7.19643292148189 107
1711051755177 -7.057976381309384 108
1711051755223 -6.92121486686975 109
1711051755269 -6.792063743658656 110
1711051755313 -6.66041874025782 111
1711051755359 -6.537741045838308 112
1711051755403 -6.404000806518815 113
1711051755448 -6.290169825169317 114
1711051755498 -6.163969504778569 115
1711051755543 -6.0506467729826445 116
1711051755595 -5.935652208723822 117
1711051755638 -5.826273749445927 118
1711051755687 -5.7179833570135195 119
1711051755734 -5.612587994999835 120
1711051755779 -5.5115085417945755 121
1711051755826 -5.412112652030695 122
1711051755871 -5.316228218040328 123
1711051755919 -5.226568079344055 124
1711051755966 -5.138634525195512 125
1711051756016 -5.051280846623576 126
1711051756057 -4.966400706091268 127
1711051756104 -4.887479990565486 128
1711051756148 -4.811364191151749 129
1711051756193 -4.7383863277805975 130
1711051756238 -4.66620891670879 131
1711051756284 -4.596452792096632 132
1711051756334 -4.531059312006575 133
1711051756378 -4.470094625772508 134
1711051756429 -4.408233133864849 135
1711051756475 -4.351579436248042 136
1711051756563 -4.295890061178627 137
1711051756639 -4.241752950382887 138
1711051756699 -4.189359639156422 139
1711051756748 -4.143744756563236 140
1711051756798 -4.09538765326298 141
1711051756841 -4.052078326639302 142
1711051756885 -4.009087473249027 143
1711051756935 -3.9665354540925604 144
1711051756981 -3.93031003909448 145
1711051757023 -3.8908950672091898 146
1711051757070 -3.85547257224715 147
1711051757115 -3.822373325744997 148
1711051757163 -3.788119587260371 149
1711051757206 -3.7568433854993115 150
1711051757252 -3.724330881828867 151
1711051757297 -3.6958054043553945 152
1711051757346 -3.666705159720081 153
1711051757394 -3.6411010267573163 154
1711051757435 -3.611446984860998 155
1711051757482 -3.587762807163034 156
1711051757528 -3.5624988997591354 157
1711051757571 -3.537596082349067 158
1711051757618 -3.5136543772319184 159
1711051757667 -3.4919763498408374 160
1711051757712 -3.4680514619585683 161
1711051757755 -3.4470930526563848 162
1711051757802 -3.4249690777246267 163
1711051757879 -3.404902740747638 164
1711051757938 -3.3833050694344378 165
1711051757981 -3.3636023247502003 166
1711051758027 -3.343412683711912 167
1711051758072 -3.323158628567545 168
1711051758120 -3.303804499678791 169
1711051758166 -3.2851699272610118 170
1711051758211 -3.2653119802568034 171
1711051758262 -3.2458785515453066 172
1711051758305 -3.227672467929816 173
1711051758349 -3.2078023390368475 174
1711051758398 -3.1892616830672784 175
1711051758443 -3.1697839569308446 176
1711051758485 -3.152983686533121 177
1711051758532 -3.133159557604709 178
1711051758579 -3.115617625979544 179
1711051758627 -3.096012271830534 180
1711051758675 -3.0778476179426466 181
1711051758733 -3.0607465800272875 182
1711051758794 -3.0417578755154535 183
1711051758850 -3.0236237987906316 184
1711051758897 -3.0059010613211967 185
1711051758942 -2.986730978741195 186
1711051758988 -2.970939684728752 187
1711051759034 -2.9518195900029847 188
1711051759082 -2.933135625163584 189
1711051759129 -2.9160024047729443 190
1711051759169 -2.898224952991877 191
1711051759215 -2.881251994990438 192
1711051759259 -2.863923087482846 193
1711051759303 -2.8450462279670496 194
1711051759351 -2.827887260513295 195
1711051759400 -2.810438271984555 196
1711051759442 -2.7919300468371735 197
1711051759489 -2.775732020804569 198
1711051759531 -2.758087010903008 199
1711051759576 -2.740054394524862 200
1711051759623 -2.723011056833388 201
1711051759668 -2.704301434879621 202
1711051759716 -2.6876283967905747 203
1711051759766 -2.668850346546365 204
1711051759812 -2.651971641491458 205
1711051759858 -2.6336708469451087 206
1711051759905 -2.615105958203799 207
1711051759950 -2.5971673085275 208
1711051759997 -2.578689185001243 209
1711051760044 -2.5620843085940943 210
1711051760085 -2.54277593224594 211
1711051760130 -2.52468805922009 212
1711051760174 -2.5064349957162997 213
1711051760224 -2.4885752055889214 214
1711051760265 -2.470079432371281 215
1711051760310 -2.452800913979659 216
1711051760353 -2.434384854775835 217
1711051760397 -2.4173656482734067 218
1711051760447 -2.3983501787967434 219
1711051760489 -2.380476496343861 220
1711051760533 -2.3623652496727443 221
1711051760576 -2.3456272832866456 222
1711051760624 -2.326353950926751 223
1711051760672 -2.309150141134648 224
1711051760715 -2.2909130404676987 225
1711051760765 -2.2726837370862656 226
1711051760810 -2.253968217721198 227
1711051760855 -2.236912435061176 228
1711051760901 -2.2187587293905016 229
1711051760948 -2.2004624240881503 230
1711051760999 -2.182072529967058 231
1711051761044 -2.1631998098685092 232
1711051761086 -2.1460343349715876 233
1711051761133 -2.128466309733639 234
1711051761176 -2.109145584682832 235
1711051761220 -2.0926578995658174 236
1711051761267 -2.0719681285452998 237
1711051761315 -2.0557384379078907 238
1711051761360 -2.0369490292407133 239
1711051761402 -2.0179583953809774 240
1711051761449 -1.9991115753646098 241
1711051761493 -1.981334091620492 242
1711051761537 -1.9633836833040266 243
1711051761583 -1.944959737355187 244
1711051761630 -1.9258624972430298 245
1711051761677 -1.9078158066320614 246
1711051761719 -1.8892786978803868 247
1711051761765 -1.870365920656118 248
1711051761813 -1.8533938075409422 249
1711051761858 -1.8333071216294732 250
1711051761902 -1.8157631662228875 251
1711051761951 -1.7970437365662408 252
1711051761998 -1.7796217664454708 253
1711051762040 -1.7603219652448385 254
1711051762085 -1.7419948272172987 255
1711051762127 -1.7239437704904383 256
1711051762171 -1.7056407412116292 257
1711051762218 -1.6876308997029423 258
1711051762265 -1.6699062004201206 259
1711051762313 -1.6522804713503803 260
1711051762355 -1.6336965530279968 261
1711051762401 -1.6170488402755763 262
1711051762444 -1.5986642658277814 263
1711051762489 -1.5812900073354355 264
1711051762533 -1.5635811321091717 265
1711051762583 -1.5465579365891609 266
1711051762633 -1.528464096827784 267
1711051762675 -1.5111174839973063 268
1711051762728 -1.4937478333940915 269
1711051762777 -1.475603919843779 270
1711051762823 -1.4589154792541161 271
1711051762874 -1.4408836362991329 272
1711051762921 -1.423806348146667 273
1711051762964 -1.405942506380475 274
1711051763016 -1.3886555057654721 275
1711051763069 -1.37150968258605 276
1711051763116 -1.353617817147569 277
1711051763159 -1.3361978465500668 278
1711051763203 -1.3198774229209915 279
1711051763251 -1.3014647918827387 280
1711051763297 -1.2846247714735557 281
1711051763342 -1.2672676920033097 282
1711051763388 -1.2498346659164863 283
1711051763435 -1.2325566443831084 284
1711051763478 -1.2161618846853672 285
1711051763526 -1.198814779882046 286
1711051763571 -1.1813861068429663 287
1711051763615 -1.164341661530413 288
1711051763667 -1.1474844325339086 289
1711051763712 -1.1309173468304814 290
1711051763778 -1.1141934143940828 291
1711051763825 -1.098125981182386 292
1711051763870 -1.0812840563113246 293
1711051763913 -1.0650871907834856 294
1711051763958 -1.0483246731432438 295
1711051764003 -1.0321033298142126 296
1711051764047 -1.0163631987931154 297
1711051764095 -1.0005740160751446 298
1711051764176 -0.9844309052883662 299
1711051764270 -0.9688636300792783 300
1711051764320 -0.9523875257795096 301
1711051764365 -0.9375885641468573 302
1711051764410 -0.9214202232051778 303
1711051764453 -0.9058350084173823 304
1711051764499 -0.8911065620449472 305
1711051764544 -0.8751864698138818 306
1711051764589 -0.8594234535381065 307
1711051764633 -0.8443733062308914 308
1711051764685 -0.8290178261779231 309
1711051764733 -0.8134424663792279 310
1711051764794 -0.7987005805080887 311
1711051764843 -0.7829533344523039 312
1711051764894 -0.7679246432604845 313
1711051764963 -0.7531021596018794 314
1711051765032 -0.7373052331934489 315
1711051765079 -0.7228437353995572 316
1711051765121 -0.7086058318580446 317
1711051765165 -0.6937083140879003 318
1711051765209 -0.6784469513602884 319
1711051765254 -0.6649030474750628 320
1711051765301 -0.6504277987086344 321
1711051765347 -0.6362356954714288 322
1711051765395 -0.622044660097262 323
1711051765437 -0.6076124382937933 324
1711051765503 -0.5935202003579372 325
1711051765546 -0.5800839715361978 326
1711051765590 -0.5663402177757204 327
1711051765633 -0.5525274657205657 328
1711051765708 -0.5390743806362528 329
1711051765760 -0.5255957017750312 330
1711051765803 -0.5120637808794273 331
1711051765855 -0.4985225509829305 332
1711051765900 -0.4859224016048962 333
1711051765946 -0.4726109866238921 334
1711051765997 -0.4595497287643526 335
1711051766043 -0.44678282265145297 336
1711051766084 -0.4338244463989309 337
1711051766131 -0.420677726840466 338
1711051766175 -0.40794434217577313 339
1711051766217 -0.395744220186256 340
1711051766264 -0.3823583189962385 341
1711051766315 -0.37039687092469165 342
1711051766358 -0.3577128092354529 343
1711051766403 -0.3455020780156368 344
1711051766451 -0.3330011281113763 345
1711051766495 -0.321364873480952 346
1711051766541 -0.30899490642672567 347
1711051766585 -0.29764378665102065 348
1711051766636 -0.285951986939619 349
1711051766690 -0.2738885024653175 350
1711051766736 -0.2629423755286018 351
1711051766779 -0.25170859910936416 352
1711051766827 -0.24035116497327436 353
1711051766872 -0.22931222547613772 354
1711051766917 -0.21854286589841299 355
1711051766963 -0.2081785255267108 356
1711051767005 -0.19754918778826047 357
1711051767051 -0.18687369007973453 358
1711051767095 -0.17643345501523044 359
1711051767141 -0.16655325074374372 360
1711051767186 -0.1563337287842146 361
1711051767229 -0.1462937394199797 362
1711051767276 -0.1367676429544391 363
1711051767321 -0.12640743277485522 364
1711051767367 -0.11736405821347962 365
1711051767411 -0.10807180948298378 366
1711051767456 -0.0983222597889517 367
1711051767500 -0.08917878394703926 368
1711051767547 -0.08000950028398468 369
1711051767593 -0.07115706229588925 370
1711051767638 -0.06212092740331032 371
1711051767685 -0.0535117715027591 372
1711051767729 -0.04414494370790556 373
1711051767773 -0.03564896700455811 374
1711051767822 -0.027141086457710406 375
1711051767870 -0.018331695864748365 376
1711051767913 -0.01000307005359291 377
1711051767961 -0.0012593298529923747 378
1711051768006 0.007378016786766306 379
1711051768047 0.015267053159993438 380
1711051768091 0.024505485121670167 381
1711051768135 0.03236023172127567 382
1711051768180 0.040416013999028944 383
1711051768229 0.048258086867038696 384
1711051768271 0.05682815621106874 385
1711051768317 0.06444345489755643 386
1711051768363 0.07243699314771823 387
1711051768407 0.08008287186209317 388
1711051768451 0.0875897742036641 389
1711051768495 0.09488225430205122 390
1711051768544 0.10247407554623766 391
1711051768588 0.10981522336770666 392
1711051768632 0.11699480706334775 393
1711051768679 0.12469303695703182 394
1711051768725 0.13123296413214458 395
1711051768771 0.13830924178614945 396
1711051768815 0.14542563985428014 397
1711051768863 0.15282219882622228 398
1711051768908 0.1598545480390371 399
1711051768965 0.1666648466750763 400
1711051769011 0.1735763041162398 401
1711051769059 0.18042269460041038 402
1711051769104 0.18711020491163577 403
1711051769147 0.19379589063351632 404
1711051769193 0.20037136988062776 405
1711051769236 0.20701722240026432 406
1711051769278 0.21309728293984675 407
1711051769325 0.21985435156909217 408
1711051769369 0.22603551988346593 409
1711051769415 0.2321249256414638 410
1711051769461 0.23785573759146317 411
1711051769509 0.24475318857253026 412
1711051769554 0.25046951663463635 413
1711051769596 0.2563450008543091 414
1711051769642 0.2621673046438121 415
1711051769692 0.26769453001239085 416
1711051769746 0.27359130807053533 417
1711051769793 0.27934757561331747 418
1711051769840 0.2847701570661112 419
1711051769883 0.2902725711479939 420
1711051769928 0.2958265222648869 421
1711051769976 0.3010414651461275 422
1711051770020 0.30613631690017495 423
1711051770063 0.31198624387418517 424
1711051770109 0.3168356252882282 425
1711051770155 0.3222567852902012 426
1711051770198 0.3273086649284733 427
1711051770244 0.3326036565636036 428
1711051770290 0.337408227602801 429
1711051770331 0.34239517263742825 430
1711051770376 0.3472857171604965 431
1711051770426 0.3517803557855018 432
1711051770467 0.3567764706636348 433
1711051770514 0.3613362983853782 434
1711051770562 0.3659473243429119 435
1711051770646 0.3703311999139358 436
1711051770717 0.37486181498784255 437
1711051770777 0.3790698778765337 438
1711051770822 0.3834245822731721 439
1711051770868 0.38780874019670064 440
1711051770921 0.3921848653602552 441
1711051770964 0.3962637952750947 442
1711051771011 0.40033809001984877 443
1711051771060 0.40455896716350404 444
1711051771104 0.4087215997091468 445
1711051771151 0.4125647350925148 446
1711051771195 0.41664952667402266 447
1711051771242 0.4205572774709211 448
1711051771286 0.4241536852470329 449
1711051771328 0.4283521081189656 450
1711051771372 0.4318916968341334 451
1711051771422 0.4356906107879861 452
1711051771462 0.43917934416461035 453
1711051771510 0.4427185625979656 454
1711051771555 0.44638139687955847 455
1711051771597 0.44976346111772403 456
1711051771640 0.45315924459883106 457
1711051771691 0.4566860104827589 458
1711051771734 0.4598825098863709 459
1711051771782 0.4633199110170154 460
1711051771828 0.4667183606350599 461
1711051771875 0.46964495606967605 462
1711051771923 0.4731387830146644 463
1711051771968 0.4764749408923934 464
1711051772012 0.47945276225754285 465
1711051772058 0.48270045690815966 466
1711051772101 0.4859027107739481 467
1711051772146 0.48868983524987 468
1711051772193 0.4917729925659381 469
1711051772239 0.4950132985015723 470
1711051772282 0.49801878611540695 471
1711051772326 0.5012993795648136 472
1711051772370 0.5040043337999476 473
1711051772414 0.5072266689109027 474
1711051772474 0.5102381992115688 475
1711051772514 0.5131443997339404 476
1711051772561 0.5164268871639799 477
1711051772604 0.5190289915211983 478
1711051772649 0.5220677513154335 479
1711051772697 0.5248443042289987 480
1711051772748 0.5277714869245567 481
1711051772793 0.5304476215140621 482
1711051772848 0.5333785043693652 483
1711051772894 0.535965440422006 484
1711051772941 0.5386286943343641 485
1711051772984 0.5414184167618834 486
1711051773031 0.5440531527626709 487
1711051773079 0.5464364390941183 488
1711051773120 0.5489626988044538 489
1711051773166 0.551853545068134 490
1711051773208 0.5546051244451948 491
1711051773252 0.5569015473768231 492
1711051773299 0.5596207995869547 493
1711051773344 0.5618579602951641 494
1711051773391 0.5646389933834781 495
1711051773436 0.5668226335356777 496
1711051773478 0.5692545747445976 497
1711051773522 0.5715815105633595 498
1711051773567 0.5740731799854881 499
