1711047948888 -18.564300552476837 0
1711047949094 -18.527749290515295 1
1711047949187 -18.49299246902525 2
1711047949233 -18.458804914049917 3
1711047949277 -18.424249745451554 4
1711047949324 -18.389772543987377 5
1711047949375 -18.354056865516778 6
1711047949423 -18.318060858350663 7
1711047949472 -18.281933696102836 8
1711047949521 -18.244940954506536 9
1711047949568 -18.208184649895067 10
1711047949619 -18.169070919320017 11
1711047949673 -18.12950315245407 12
1711047949724 -18.089125459710854 13
1711047949769 -18.04624584784341 14
1711047949830 -18.003856810519476 15
1711047949885 -17.958579014752676 16
1711047949928 -17.911274655522355 17
1711047949975 -17.863505691931316 18
1711047950022 -17.813637748539065 19
1711047950066 -17.7653038054805 20
1711047950110 -17.70985679156612 21
1711047950155 -17.656835561943545 22
1711047950202 -17.600086147942594 23
1711047950246 -17.5409085999923 24
1711047950292 -17.480702408615688 25
1711047950337 -17.418274211847905 26
1711047950386 -17.354275931874696 27
1711047950433 -17.28839093617476 28
1711047950477 -17.22188280159399 29
1711047950524 -17.151233023744105 30
1711047950571 -17.07869263383171 31
1711047950617 -17.005854117645733 32
1711047950665 -16.925220281129615 33
1711047950708 -16.849901073574134 34
1711047950753 -16.773096257313195 35
1711047950800 -16.687615158122593 36
1711047950844 -16.60162111683427 37
1711047950891 -16.517183128170153 38
1711047950939 -16.4311816822271 39
1711047950982 -16.3386662445703 40
1711047951028 -16.24540784627622 41
1711047951075 -16.152827636752427 42
1711047951126 -16.060243495863553 43
1711047951170 -15.960205680779328 44
1711047951217 -15.857997221338831 45
1711047951260 -15.761972147095342 46
1711047951308 -15.656705231123958 47
1711047951354 -15.548562315457946 48
1711047951402 -15.448610672447376 49
1711047951446 -15.337250472023165 50
1711047951492 -15.227185644269387 51
1711047951536 -15.11282513864392 52
1711047951582 -15.001571283127301 53
1711047951663 -14.885003947880485 54
1711047951739 -14.768536567388896 55
1711047951812 -14.649432287761453 56
1711047951876 -14.525463294132605 57
1711047951928 -14.405843976038671 58
1711047951976 -14.285077028076008 59
1711047952021 -14.1567248102755 60
1711047952069 -14.031137661118521 61
1711047952112 -13.903050107180816 62
1711047952157 -13.77374860348186 63
1711047952204 -13.638599491965955 64
1711047952250 -13.516246517078045 65
1711047952294 -13.375652014925757 66
1711047952342 -13.241329733618079 67
1711047952387 -13.105096424229782 68
1711047952434 -12.970009634550918 69
1711047952476 -12.835021536551624 70
1711047952522 -12.687038952564931 71
1711047952569 -12.548522165408906 72
1711047952615 -12.407268359319913 73
1711047952662 -12.263215913720517 74
1711047952706 -12.118374641333277 75
1711047952751 -11.967926512106725 76
1711047952798 -11.828289084482618 77
1711047952843 -11.680134164432301 78
1711047952893 -11.53084375418601 79
1711047952938 -11.386223828566107 80
1711047952986 -11.230745647050487 81
1711047953035 -11.083841339300683 82
1711047953076 -10.93957978125318 83
1711047953122 -10.78928215944833 84
1711047953168 -10.637930337817954 85
1711047953216 -10.484639777237495 86
1711047953260 -10.335143981205722 87
1711047953304 -10.188964919036088 88
1711047953350 -10.03445295023262 89
1711047953398 -9.885183752163126 90
1711047953440 -9.738226609284933 91
1711047953486 -9.587703877168313 92
1711047953538 -9.438603605047632 93
1711047953586 -9.292803591343363 94
1711047953628 -9.14451541141022 95
1711047953677 -8.999769133168293 96
1711047953723 -8.849780864811303 97
1711047953769 -8.709865165315653 98
1711047953818 -8.568374152702459 99
1711047953860 -8.425302991591808 100
1711047953909 -8.286876728983948 101
1711047953955 -8.14800303748657 102
1711047954003 -8.005903249173157 103
1711047954049 -7.872508932036368 104
1711047954095 -7.739590672135666 105
1711047954142 -7.6053120608478455 106
1711047954189 -7.474949660196247 107
1711047954235 -7.342679631702509 108
1711047954289 -7.218589793434221 109
1711047954337 -7.0890581255291085 110
1711047954384 -6.969519996135924 111
1711047954431 -6.845992758376482 112
1711047954474 -6.723972299502029 113
1711047954520 -6.60928082112052 114
1711047954567 -6.4957204789500445 115
1711047954614 -6.381883125562791 116
1711047954659 -6.272635227661509 117
1711047954712 -6.167530943288558 118
1711047954757 -6.060742718281229 119
1711047954805 -5.959082276793809 120
1711047954856 -5.8596640629345735 121
1711047954913 -5.765862219913132 122
1711047954974 -5.672351986720144 123
1711047955022 -5.581640500407705 124
1711047955069 -5.490455339078543 125
1711047955113 -5.406863245609518 126
1711047955160 -5.320773986260814 127
1711047955208 -5.241638464392004 128
1711047955255 -5.161870337435619 129
1711047955304 -5.0859882376661885 130
1711047955352 -5.0129922528091155 131
1711047955394 -4.937894630597543 132
1711047955443 -4.871407129970688 133
1711047955488 -4.803172973836779 134
1711047955538 -4.738879116803288 135
1711047955583 -4.674268641273143 136
1711047955630 -4.613948930498659 137
1711047955677 -4.558655857871654 138
1711047955730 -4.502116586961411 139
1711047955772 -4.446189896618953 140
1711047955819 -4.3980476945868965 141
1711047955865 -4.349923440859933 142
1711047955913 -4.299938038427135 143
1711047955960 -4.256483468226002 144
1711047956005 -4.210852258970907 145
1711047956057 -4.170990918911248 146
1711047956105 -4.128862820329502 147
1711047956151 -4.091611480165624 148
1711047956199 -4.05346055750862 149
1711047956251 -4.017503111470817 150
1711047956293 -3.983223640498762 151
1711047956340 -3.949346549121552 152
1711047956387 -3.9185586523467615 153
1711047956432 -3.882057665459243 154
1711047956483 -3.853508698867831 155
1711047956526 -3.827899523676698 156
1711047956573 -3.7969366002114917 157
1711047956621 -3.769463895433768 158
1711047956667 -3.7421083971547695 159
1711047956716 -3.716493794004009 160
1711047956758 -3.6915170051255917 161
1711047956805 -3.6653940107505063 162
1711047956853 -3.6420799880328474 163
1711047956897 -3.617997920599004 164
1711047956939 -3.5947064694746897 165
1711047956986 -3.571407275158472 166
1711047957031 -3.5486433431191777 167
1711047957077 -3.5268742965666355 168
1711047957122 -3.5046058319647866 169
1711047957166 -3.4818058014721993 170
1711047957215 -3.4622330236513115 171
1711047957261 -3.441289651027314 172
1711047957308 -3.4199559965471185 173
1711047957354 -3.4008860003027177 174
1711047957398 -3.3794961583456304 175
1711047957444 -3.360467700490015 176
1711047957487 -3.3408300521263197 177
1711047957534 -3.3221511903853367 178
1711047957577 -3.3023684905248087 179
1711047957623 -3.283197407562983 180
1711047957671 -3.2656527449325425 181
1711047957722 -3.2466440978288498 182
1711047957767 -3.2280105190154567 183
1711047957808 -3.2095052671087023 184
1711047957856 -3.1917138179745113 185
1711047957902 -3.1721293189230284 186
1711047957950 -3.154389137521912 187
1711047957996 -3.1348908260220227 188
1711047958039 -3.1169340994172625 189
1711047958086 -3.098500709500084 190
1711047958130 -3.080709856406033 191
1711047958176 -3.0601866730369 192
1711047958225 -3.0417503408112916 193
1711047958271 -3.0230388358676246 194
1711047958318 -3.003316427989949 195
1711047958359 -2.9848720807651348 196
1711047958406 -2.965761134460173 197
1711047958450 -2.946413687064027 198
1711047958496 -2.9277861569081294 199
1711047958543 -2.9076902770625357 200
1711047958590 -2.8899047332017544 201
1711047958636 -2.8700830510429665 202
1711047958683 -2.8499213961351675 203
1711047958725 -2.8312955226371965 204
1711047958773 -2.812431793599386 205
1711047958819 -2.793542966606198 206
1711047958862 -2.773956649525716 207
1711047958907 -2.753445448215919 208
1711047958956 -2.7344042826570942 209
1711047959002 -2.714133766766045 210
1711047959051 -2.694994580831309 211
1711047959093 -2.674605852257992 212
1711047959140 -2.654346993250083 213
1711047959184 -2.634354172276034 214
1711047959232 -2.614963409426419 215
1711047959278 -2.5945962281633417 216
1711047959320 -2.573466381211735 217
1711047959414 -2.554427141703823 218
1711047959455 -2.534820520661096 219
1711047959500 -2.51453316871359 220
1711047959544 -2.494076657879807 221
1711047959591 -2.473683559944921 222
1711047959671 -2.4539722675080067 223
1711047959765 -2.4340677612654753 224
1711047959834 -2.4133721760047653 225
1711047959885 -2.3939786734414246 226
1711047959927 -2.373478682805004 227
1711047959974 -2.3534676161557506 228
1711047960021 -2.3316894011060785 229
1711047960072 -2.31255811770945 230
1711047960116 -2.2911760224958853 231
1711047960162 -2.270971286630534 232
1711047960208 -2.25001572094485 233
1711047960255 -2.229946904989134 234
1711047960300 -2.208517359263697 235
1711047960347 -2.1879668971160453 236
1711047960394 -2.1670662279936153 237
1711047960438 -2.1470796174655407 238
1711047960485 -2.1262631945036725 239
1711047960534 -2.1052123247328223 240
1711047960575 -2.0841009020549897 241
1711047960622 -2.0644787313898108 242
1711047960666 -2.0428498910989106 243
1711047960710 -2.0223335626647105 244
1711047960760 -2.00178228288744 245
1711047960806 -1.9807744660016078 246
1711047960850 -1.9602928841993625 247
1711047960900 -1.939403766829379 248
1711047960946 -1.9179402945824253 249
1711047960990 -1.8981220991856809 250
1711047961038 -1.877197649290411 251
1711047961086 -1.8567263827495495 252
1711047961144 -1.8351147019821212 253
1711047961204 -1.8147463293477641 254
1711047961259 -1.7941044395436005 255
1711047961324 -1.7731590143598117 256
1711047961387 -1.7531799664374543 257
1711047961438 -1.7317857195027373 258
1711047961481 -1.7115094268917916 259
1711047961529 -1.6908502233709886 260
1711047961572 -1.6701027204144236 261
1711047961618 -1.6488379702319702 262
1711047961665 -1.6296737384643682 263
1711047961708 -1.6085580437339266 264
1711047961761 -1.5877392345640167 265
1711047961807 -1.568747877836214 266
1711047961852 -1.5484675323481514 267
1711047961900 -1.5278204821914443 268
1711047961945 -1.508147475970747 269
1711047961990 -1.4885455487983945 270
1711047962038 -1.4689525205749945 271
1711047962083 -1.4488227716380697 272
1711047962129 -1.428426232471646 273
1711047962175 -1.410210225544807 274
1711047962223 -1.3895109636245904 275
1711047962269 -1.3699878951241398 276
1711047962315 -1.3502010143634564 277
1711047962359 -1.3309167011225145 278
1711047962405 -1.3108722528136396 279
1711047962450 -1.292339605464416 280
1711047962496 -1.2728210919341327 281
1711047962542 -1.253633445253957 282
1711047962588 -1.2340917555124173 283
1711047962635 -1.2160164266071711 284
1711047962683 -1.1965547322457604 285
1711047962735 -1.1778701833046692 286
1711047962778 -1.1589042450309077 287
1711047962822 -1.1396234001546053 288
1711047962868 -1.12133489691663 289
1711047962916 -1.1023394966292055 290
1711047962957 -1.0840922617195248 291
1711047963007 -1.0652703678823934 292
1711047963050 -1.0467908684829812 293
1711047963097 -1.0289634374641978 294
1711047963141 -1.0104839809237496 295
1711047963189 -0.9922145962086719 296
1711047963235 -0.9747705722100586 297
1711047963282 -0.9574990411032747 298
1711047963328 -0.9392312053018124 299
1711047963374 -0.9218520949980593 300
1711047963417 -0.9043469769580517 301
1711047963467 -0.886760765436426 302
1711047963512 -0.8699673806109653 303
1711047963555 -0.852752956305437 304
1711047963600 -0.8361544314645977 305
1711047963649 -0.8181391447005759 306
1711047963691 -0.8024870682095451 307
1711047963741 -0.7856106745066163 308
1711047963788 -0.7686137415182968 309
1711047963833 -0.7517281982505584 310
1711047963881 -0.7359064384891358 311
1711047963925 -0.7183070424071902 312
1711047963975 -0.7017347256280688 313
1711047964023 -0.6862873298537895 314
1711047964076 -0.6698187864148264 315
1711047964121 -0.6529627241739968 316
1711047964167 -0.637790183510043 317
1711047964217 -0.6215494449675658 318
1711047964264 -0.6062221194751674 319
1711047964307 -0.5901454854568084 320
1711047964356 -0.5751825502431982 321
1711047964403 -0.5598935201500328 322
1711047964450 -0.5443713128357837 323
1711047964494 -0.5297354517435635 324
1711047964540 -0.5148959339203885 325
1711047964585 -0.5001362379586645 326
1711047964633 -0.48572561352097576 327
1711047964677 -0.47041142666441993 328
1711047964723 -0.45652916326396387 329
1711047964774 -0.44218963784184395 330
1711047964821 -0.42804466482568704 331
1711047964875 -0.41455160311900663 332
1711047964935 -0.4004945333578682 333
1711047964984 -0.386222475081863 334
1711047965033 -0.37385807982004504 335
1711047965084 -0.35903584446406445 336
1711047965131 -0.34606333629966346 337
1711047965173 -0.3323864259328757 338
1711047965221 -0.32029163690417595 339
1711047965278 -0.3067277973511471 340
1711047965322 -0.29415900832675645 341
1711047965370 -0.28045545595841204 342
1711047965417 -0.2685380024625652 343
1711047965466 -0.25675106252374946 344
1711047965510 -0.24407403164553432 345
1711047965564 -0.23222195158409464 346
1711047965610 -0.22029105608120303 347
1711047965655 -0.20886563638846756 348
1711047965700 -0.19690285075466574 349
1711047965750 -0.18560393347485848 350
1711047965796 -0.17423738324788984 351
1711047965845 -0.16360321321090665 352
1711047965891 -0.15262705111625574 353
1711047965936 -0.14181465525241177 354
1711047965985 -0.13092757610110306 355
1711047966035 -0.12096523845484919 356
1711047966084 -0.11017472857195743 357
1711047966129 -0.09962225149631077 358
1711047966174 -0.08909324016093145 359
1711047966221 -0.07892380181009373 360
1711047966267 -0.06903400131572823 361
1711047966316 -0.05911723653943235 362
1711047966359 -0.04899385851532223 363
1711047966405 -0.0389013383700878 364
1711047966452 -0.028888438609290912 365
1711047966497 -0.019143298962254418 366
1711047966543 -0.010121347058810848 367
1711047966589 -0.00039319480844990373 368
1711047966633 0.009271437756319445 369
1711047966683 0.018344186015551656 370
1711047966724 0.02737562350464917 371
1711047966771 0.03704925646339974 372
1711047966819 0.04609855728495604 373
1711047966867 0.05493086655331059 374
1711047966909 0.0637487152753442 375
1711047966955 0.0722760283302385 376
1711047967002 0.08142255573695423 377
1711047967077 0.08961418134688637 378
1711047967152 0.09831123959478516 379
1711047967225 0.10658645652715804 380
1711047967270 0.11495852208969315 381
1711047967314 0.12340934584062058 382
1711047967358 0.13113557597732384 383
1711047967403 0.13917565777867236 384
1711047967450 0.14707974480805142 385
1711047967494 0.15494526337233117 386
1711047967539 0.1629039510221333 387
1711047967586 0.1704602548984656 388
1711047967629 0.17795854833278846 389
1711047967675 0.18550960415764062 390
1711047967722 0.19296733744002104 391
1711047967773 0.20020044157436856 392
1711047967817 0.20749137062703182 393
1711047967865 0.21463245346559967 394
1711047967910 0.22150796177565557 395
1711047967954 0.22847314010925068 396
1711047968000 0.2351523000204101 397
1711047968049 0.24175165623275163 398
1711047968097 0.24865217911940285 399
1711047968139 0.25465360379258106 400
1711047968186 0.26169308830661486 401
1711047968231 0.26776191828124984 402
1711047968275 0.2738523114617999 403
1711047968322 0.279993405993469 404
1711047968369 0.28632582465062406 405
1711047968415 0.29232156833451484 406
1711047968457 0.29824607863884645 407
1711047968505 0.30402120509281094 408
1711047968551 0.30960863166420527 409
1711047968595 0.31530786809860356 410
1711047968640 0.3209359465579289 411
1711047968688 0.3263285977373235 412
1711047968736 0.3320045650058887 413
1711047968784 0.3371349064238117 414
1711047968829 0.3426508181449721 415
1711047968879 0.3475841448843531 416
1711047968920 0.3528201184214116 417
1711047968968 0.3577033379468947 418
1711047969016 0.36252732613280336 419
1711047969062 0.36771176141361117 420
1711047969111 0.3726406421319406 421
1711047969154 0.3771876452013455 422
1711047969200 0.381773384019109 423
1711047969247 0.3867860299697733 424
1711047969292 0.3912422008163082 425
1711047969336 0.3958937876010694 426
1711047969380 0.40030364262879436 427
1711047969429 0.4046696075838426 428
1711047969471 0.4090457505536127 429
1711047969518 0.4134233236948748 430
1711047969564 0.4178435661177121 431
1711047969610 0.42227726840288715 432
1711047969656 0.42627281889065904 433
1711047969701 0.4304558086845254 434
1711047969749 0.43445681235195155 435
1711047969795 0.4389044636479207 436
1711047969842 0.4430812564980583 437
1711047969895 0.4467537012253292 438
1711047969939 0.4510702190381619 439
1711047969986 0.4550432296443818 440
1711047970031 0.4587896099986478 441
1711047970082 0.4629029171972239 442
1711047970125 0.4666365101326647 443
1711047970172 0.4704790288175338 444
1711047970218 0.47413056636687956 445
1711047970264 0.47799918433370703 446
1711047970305 0.4814230058082921 447
1711047970353 0.48517878506142165 448
1711047970398 0.48862010596736893 449
1711047970444 0.4923571899604574 450
1711047970491 0.4959418735498341 451
1711047970536 0.49925832361297573 452
1711047970581 0.5026567833775636 453
1711047970630 0.5060286871193715 454
1711047970677 0.508975855170287 455
1711047970720 0.5123899405640557 456
1711047970770 0.5158219786751297 457
1711047970820 0.5189247237356012 458
1711047970864 0.521977699331237 459
1711047970913 0.5251045212497524 460
1711047970954 0.5280953069155493 461
1711047971002 0.5311396228657932 462
1711047971049 0.5342214194309844 463
1711047971096 0.5371679883546254 464
1711047971140 0.5402473577423209 465
1711047971186 0.5430747073209472 466
1711047971230 0.5459237598891508 467
1711047971277 0.5486714498266849 468
1711047971321 0.5516643496841058 469
1711047971370 0.5543907550877125 470
1711047971419 0.5571078084373908 471
1711047971461 0.559622604480789 472
1711047971506 0.5625582729171076 473
1711047971551 0.5651145223352126 474
1711047971600 0.5676550093087025 475
1711047971644 0.5702465346157295 476
1711047971688 0.5728346432073033 477
1711047971737 0.5755234727633884 478
1711047971792 0.5780444984487976 479
1711047971835 0.5805103324187886 480
1711047971883 0.5828174949242029 481
1711047971926 0.5851889748176093 482
1711047971971 0.5878873008702334 483
1711047972016 0.5900868953733445 484
1711047972064 0.5924835805997999 485
1711047972114 0.5947551705889668 486
1711047972154 0.5970389209337129 487
1711047972206 0.5994390929443041 488
1711047972254 0.6016635444717893 489
1711047972302 0.6040000088109172 490
1711047972349 0.6063147448280584 491
1711047972396 0.608361568920317 492
1711047972440 0.61058079863419 493
1711047972485 0.612848393783425 494
1711047972532 0.6149634085578901 495
1711047972580 0.6171741117586982 496
1711047972622 0.6190723053301751 497
1711047972669 0.6215069083159803 498
1711047972712 0.6234520035088773 499
