1711047948814 4617.821533203125 0
1711047949028 4654.287841796875 1
1711047949151 4570.468994140625 2
1711047949212 4578.29638671875 3
1711047949259 4524.643310546875 4
1711047949305 4561.28515625 5
1711047949353 4604.794921875 6
1711047949402 4706.425537109375 7
1711047949449 4685.170654296875 8
1711047949501 4586.370849609375 9
1711047949550 4504.130615234375 10
1711047949595 4505.4052734375 11
1711047949644 4459.092529296875 12
1711047949704 4464.414306640625 13
1711047949752 4470.04638671875 14
1711047949808 4405.350341796875 15
1711047949861 4459.78466796875 16
1711047949910 4457.22265625 17
1711047949954 4565.73876953125 18
1711047950002 4489.83203125 19
1711047950046 4326.6182861328125 20
1711047950092 4444.25634765625 21
1711047950136 4316.9395751953125 22
1711047950183 4325.52783203125 23
1711047950228 4370.970947265625 24
1711047950274 4429.236328125 25
1711047950320 4393.614501953125 26
1711047950366 4308.357177734375 27
1711047950412 4233.1495361328125 28
1711047950459 4212.6993408203125 29
1711047950504 4206.242919921875 30
1711047950550 4211.4451904296875 31
1711047950597 4164.2877197265625 32
1711047950643 4373.044677734375 33
1711047950690 4283.583740234375 34
1711047950735 4152.4501953125 35
1711047950778 4151.04248046875 36
1711047950826 4221.73974609375 37
1711047950872 4135.415771484375 38
1711047950919 4017.2764892578125 39
1711047950964 4087.238525390625 40
1711047951008 3980.76025390625 41
1711047951056 3987.826904296875 42
1711047951103 3869.3922119140625 43
1711047951150 3894.7213134765625 44
1711047951195 3966.090576171875 45
1711047951242 3858.9188232421875 46
1711047951288 3905.861083984375 47
1711047951334 3982.064697265625 48
1711047951381 3854.8470458984375 49
1711047951427 3814.130615234375 50
1711047951473 3824.976806640625 51
1711047951519 3803.809326171875 52
1711047951562 3818.266357421875 53
1711047951607 3752.31591796875 54
1711047951705 3729.5548095703125 55
1711047951778 3680.0821533203125 56
1711047951857 3691.56689453125 57
1711047951907 3597.9981689453125 58
1711047951955 3590.375244140625 59
1711047952002 3616.140380859375 60
1711047952047 3516.406982421875 61
1711047952093 3526.5299072265625 62
1711047952139 3473.114013671875 63
1711047952185 3495.3253173828125 64
1711047952230 3284.6204833984375 65
1711047952276 3357.9580078125 66
1711047952321 3443.4136962890625 67
1711047952367 3294.080810546875 68
1711047952412 3369.270751953125 69
1711047952458 3226.4122314453125 70
1711047952503 3230.732666015625 71
1711047952549 3245.457763671875 72
1711047952593 3179.9246826171875 73
1711047952642 3171.9036865234375 74
1711047952689 3134.74365234375 75
1711047952734 3134.0133056640625 76
1711047952777 2951.3072509765625 77
1711047952823 3002.5496826171875 78
1711047952870 2942.3072509765625 79
1711047952920 2898.66748046875 80
1711047952966 2886.323974609375 81
1711047953012 2922.94140625 82
1711047953058 2771.2784423828125 83
1711047953103 2801.033203125 84
1711047953149 2794.630859375 85
1711047953194 2695.0238037109375 86
1711047953240 2581.14892578125 87
1711047953287 2643.05419921875 88
1711047953331 2574.2265625 89
1711047953377 2559.9273681640625 90
1711047953422 2510.056884765625 91
1711047953466 2516.1253662109375 92
1711047953519 2474.3038330078125 93
1711047953565 2450.8997802734375 94
1711047953610 2409.9219970703125 95
1711047953656 2345.8701171875 96
1711047953706 2361.448974609375 97
1711047953750 2280.7259521484375 98
1711047953797 2278.27294921875 99
1711047953842 2164.1123657226562 100
1711047953888 2139.1400756835938 101
1711047953936 2108.9783935546875 102
1711047953984 2161.212890625 103
1711047954029 2058.1209716796875 104
1711047954077 2093.1484375 105
1711047954123 2036.0123291015625 106
1711047954170 1995.464599609375 107
1711047954217 1898.9053955078125 108
1711047954270 1927.74462890625 109
1711047954317 1905.7980346679688 110
1711047954364 1918.0064697265625 111
1711047954409 1819.8014526367188 112
1711047954457 1836.517822265625 113
1711047954502 1734.840576171875 114
1711047954550 1763.7682495117188 115
1711047954593 1786.8688354492188 116
1711047954640 1668.7786865234375 117
1711047954694 1665.2088623046875 118
1711047954739 1727.176513671875 119
1711047954785 1624.8634033203125 120
1711047954832 1614.5872192382812 121
1711047954883 1522.0368041992188 122
1711047954953 1615.7652587890625 123
1711047955002 1466.1148681640625 124
1711047955048 1449.5849609375 125
1711047955094 1493.2901000976562 126
1711047955140 1467.2449951171875 127
1711047955189 1504.131591796875 128
1711047955236 1441.426025390625 129
1711047955283 1361.1371459960938 130
1711047955331 1497.171630859375 131
1711047955376 1463.646728515625 132
1711047955423 1290.0478515625 133
1711047955470 1377.7372436523438 134
1711047955516 1357.337890625 135
1711047955565 1334.6082763671875 136
1711047955609 1365.22216796875 137
1711047955657 1348.2377319335938 138
1711047955708 1284.2764282226562 139
1711047955755 1318.107421875 140
1711047955801 1276.5029907226562 141
1711047955847 1232.2362060546875 142
1711047955892 1207.2507934570312 143
1711047955941 1209.0941162109375 144
1711047955988 1259.0610961914062 145
1711047956036 1232.1922607421875 146
1711047956087 1188.8726806640625 147
1711047956134 1262.3794555664062 148
1711047956177 1172.7606201171875 149
1711047956226 1149.5111083984375 150
1711047956275 1124.4400634765625 151
1711047956322 1173.172119140625 152
1711047956368 1100.0123596191406 153
1711047956414 1200.2806396484375 154
1711047956460 1150.7487182617188 155
1711047956509 1117.9417724609375 156
1711047956553 1092.364501953125 157
1711047956600 1123.9862670898438 158
1711047956647 1124.4804077148438 159
1711047956693 1069.6081848144531 160
1711047956740 1087.156982421875 161
1711047956786 1117.0103759765625 162
1711047956832 1101.5789794921875 163
1711047956877 1101.1971435546875 164
1711047956921 1113.4456176757812 165
1711047956967 1105.2978515625 166
1711047957013 1134.3147583007812 167
1711047957057 1042.844970703125 168
1711047957105 1093.8948059082031 169
1711047957150 1116.4670715332031 170
1711047957193 1029.2080688476562 171
1711047957241 999.9778442382812 172
1711047957288 1031.3133239746094 173
1711047957335 1038.2094116210938 174
1711047957379 1009.0857238769531 175
1711047957424 1025.9100952148438 176
1711047957469 1037.9271240234375 177
1711047957515 973.408203125 178
1711047957560 1006.0238952636719 179
1711047957604 1029.56298828125 180
1711047957651 972.3842468261719 181
1711047957697 977.2365417480469 182
1711047957747 993.1060180664062 183
1711047957790 999.9635009765625 184
1711047957835 951.5331420898438 185
1711047957883 1007.2987670898438 186
1711047957928 955.6973876953125 187
1711047957976 1002.1078491210938 188
1711047958022 994.9220275878906 189
1711047958067 1007.7000732421875 190
1711047958113 948.0764770507812 191
1711047958157 978.2066955566406 192
1711047958204 932.4703979492188 193
1711047958252 922.0794982910156 194
1711047958298 995.5603942871094 195
1711047958342 938.7711486816406 196
1711047958388 925.8337707519531 197
1711047958433 924.4214172363281 198
1711047958477 901.2938537597656 199
1711047958523 898.3768920898438 200
1711047958569 899.0873413085938 201
1711047958617 930.4693908691406 202
1711047958661 943.62451171875 203
1711047958707 916.2745361328125 204
1711047958754 936.7407836914062 205
1711047958801 888.6576538085938 206
1711047958844 877.1336975097656 207
1711047958888 907.4949340820312 208
1711047958936 879.7657165527344 209
1711047958985 904.57666015625 210
1711047959030 869.9242553710938 211
1711047959075 850.0841674804688 212
1711047959121 845.5444030761719 213
1711047959166 872.0395812988281 214
1711047959209 824.8192749023438 215
1711047959257 829.255859375 216
1711047959304 881.4719848632812 217
1711047959348 812.0904846191406 218
1711047959437 816.4039001464844 219
1711047959481 830.2616577148438 220
1711047959526 831.8737182617188 221
1711047959573 807.05224609375 222
1711047959637 833.9386901855469 223
1711047959715 765.3148193359375 224
1711047959813 839.4149169921875 225
1711047959862 784.4403381347656 226
1711047959909 770.0779418945312 227
1711047959954 772.3102416992188 228
1711047960001 830.1984252929688 229
1711047960053 766.3453369140625 230
1711047960098 782.2554931640625 231
1711047960142 775.6878967285156 232
1711047960189 790.4741516113281 233
1711047960236 751.7346496582031 234
1711047960283 736.3339538574219 235
1711047960326 782.3961791992188 236
1711047960373 721.3811340332031 237
1711047960420 732.6227111816406 238
1711047960465 722.4207763671875 239
1711047960512 707.1911010742188 240
1711047960558 737.1041564941406 241
1711047960603 737.2647705078125 242
1711047960648 745.2748107910156 243
1711047960691 708.9053039550781 244
1711047960741 709.2536315917969 245
1711047960788 691.5576171875 246
1711047960833 698.8262329101562 247
1711047960877 682.6852416992188 248
1711047960925 715.6840209960938 249
1711047960971 687.5078735351562 250
1711047961018 670.2603149414062 251
1711047961065 673.6083068847656 252
1711047961120 688.9447937011719 253
1711047961182 678.2364807128906 254
1711047961236 667.6282043457031 255
1711047961293 683.9067993164062 256
1711047961363 640.7953186035156 257
1711047961416 672.7749328613281 258
1711047961465 626.3702392578125 259
1711047961509 632.5856323242188 260
1711047961554 622.0092468261719 261
1711047961599 654.0198059082031 262
1711047961644 609.302001953125 263
1711047961689 586.7515563964844 264
1711047961742 610.1022338867188 265
1711047961788 562.2181091308594 266
1711047961835 571.4884796142578 267
1711047961879 570.7985534667969 268
1711047961924 584.1557006835938 269
1711047961971 585.0992431640625 270
1711047962019 568.2326354980469 271
1711047962066 583.8398742675781 272
1711047962109 607.0448303222656 273
1711047962156 544.6022491455078 274
1711047962203 567.2647399902344 275
1711047962249 546.3999633789062 276
1711047962294 588.2242431640625 277
1711047962341 534.5233001708984 278
1711047962386 555.36376953125 279
1711047962433 540.2468566894531 280
1711047962476 526.2184448242188 281
1711047962523 520.1830596923828 282
1711047962570 517.7143249511719 283
1711047962616 512.1820526123047 284
1711047962664 525.9277801513672 285
1711047962709 530.4584655761719 286
1711047962759 504.1400451660156 287
1711047962804 534.1984558105469 288
1711047962849 483.1137237548828 289
1711047962895 516.7222137451172 290
1711047962940 477.9460144042969 291
1711047962985 461.4805908203125 292
1711047963033 476.77992248535156 293
1711047963076 489.4621124267578 294
1711047963122 449.2865753173828 295
1711047963168 462.88356018066406 296
1711047963215 443.22035217285156 297
1711047963261 433.7551727294922 298
1711047963309 474.20294189453125 299
1711047963354 446.3560485839844 300
1711047963400 473.6184387207031 301
1711047963447 454.7165985107422 302
1711047963492 440.3862762451172 303
1711047963537 448.0725860595703 304
1711047963583 421.0145721435547 305
1711047963627 468.8666229248047 306
1711047963673 425.27691650390625 307
1711047963721 437.1885070800781 308
1711047963768 420.4547424316406 309
1711047963814 417.4319763183594 310
1711047963859 390.11181640625 311
1711047963906 418.4297790527344 312
1711047963955 429.09693908691406 313
1711047964001 391.1247863769531 314
1711047964057 396.6348114013672 315
1711047964103 406.63145446777344 316
1711047964150 385.0552062988281 317
1711047964197 401.2738800048828 318
1711047964243 366.77833557128906 319
1711047964289 384.9982604980469 320
1711047964335 382.8242645263672 321
1711047964383 381.02911376953125 322
1711047964428 360.73146057128906 323
1711047964475 348.8493194580078 324
1711047964521 341.88690185546875 325
1711047964567 350.7911682128906 326
1711047964613 338.733154296875 327
1711047964659 347.61167907714844 328
1711047964704 332.5406951904297 329
1711047964755 356.688720703125 330
1711047964801 323.81573486328125 331
1711047964849 323.9986114501953 332
1711047964907 329.7388610839844 333
1711047964962 340.04026794433594 334
1711047965010 307.8192443847656 335
1711047965059 340.01898193359375 336
1711047965110 342.01519775390625 337
1711047965155 332.91326904296875 338
1711047965201 304.74095153808594 339
1711047965254 318.97865295410156 340
1711047965304 304.5100402832031 341
1711047965352 325.43670654296875 342
1711047965399 297.8542785644531 343
1711047965443 275.66719818115234 344
1711047965492 308.23634338378906 345
1711047965540 279.7085723876953 346
1711047965590 272.3463897705078 347
1711047965636 284.0806121826172 348
1711047965683 279.7927551269531 349
1711047965729 273.32372283935547 350
1711047965777 275.0552215576172 351
1711047965823 264.05883026123047 352
1711047965870 266.70843505859375 353
1711047965918 257.9292678833008 354
1711047965965 264.76910400390625 355
1711047966012 244.18843841552734 356
1711047966061 262.4288787841797 357
1711047966111 259.6172332763672 358
1711047966155 264.5185852050781 359
1711047966202 273.47171783447266 360
1711047966248 247.5887680053711 361
1711047966294 245.9704818725586 362
1711047966340 249.9057388305664 363
1711047966387 242.9209976196289 364
1711047966433 245.6876983642578 365
1711047966479 248.14453125 366
1711047966523 231.23928833007812 367
1711047966571 219.37114715576172 368
1711047966617 238.76675415039062 369
1711047966661 232.5487518310547 370
1711047966707 225.50666046142578 371
1711047966752 235.06997680664062 372
1711047966800 237.3141326904297 373
1711047966846 226.33003997802734 374
1711047966891 228.28070831298828 375
1711047966937 204.73922729492188 376
1711047966983 226.4165496826172 377
1711047967041 208.0686492919922 378
1711047967118 217.17332458496094 379
1711047967198 209.61316680908203 380
1711047967251 200.0990447998047 381
1711047967297 217.65633392333984 382
1711047967340 209.9659194946289 383
1711047967383 209.53536224365234 384
1711047967430 204.60105895996094 385
1711047967474 199.3133087158203 386
1711047967521 189.8323745727539 387
1711047967567 183.7443618774414 388
1711047967612 186.9577865600586 389
1711047967656 199.84741973876953 390
1711047967703 192.8799819946289 391
1711047967750 199.62255096435547 392
1711047967800 182.9373779296875 393
1711047967844 187.63308715820312 394
1711047967890 177.76702880859375 395
1711047967936 178.21347045898438 396
1711047967982 182.9054718017578 397
1711047968027 175.87400817871094 398
1711047968076 179.42121124267578 399
1711047968122 170.17535400390625 400
1711047968166 188.67505645751953 401
1711047968212 172.0243682861328 402
1711047968256 179.7439422607422 403
1711047968303 164.87425994873047 404
1711047968349 173.80815887451172 405
1711047968395 169.9747314453125 406
1711047968440 161.89292907714844 407
1711047968485 173.98468780517578 408
1711047968531 161.71595001220703 409
1711047968577 154.8921356201172 410
1711047968621 165.5965347290039 411
1711047968668 158.07335662841797 412
1711047968714 156.4990692138672 413
1711047968764 154.6231231689453 414
1711047968812 159.99575805664062 415
1711047968858 148.70584869384766 416
1711047968903 153.69754791259766 417
1711047968949 156.2615966796875 418
1711047968995 135.10753631591797 419
1711047969041 152.6864776611328 420
1711047969089 145.97154235839844 421
1711047969136 140.28963088989258 422
1711047969181 136.63504028320312 423
1711047969227 141.2734375 424
1711047969272 130.84042739868164 425
1711047969319 144.09966278076172 426
1711047969364 142.93590545654297 427
1711047969408 146.00814819335938 428
1711047969452 137.88470458984375 429
1711047969499 135.17198944091797 430
1711047969545 138.92568969726562 431
1711047969590 143.40507888793945 432
1711047969637 132.95870208740234 433
1711047969684 140.09108352661133 434
1711047969729 122.91239547729492 435
1711047969778 140.4697151184082 436
1711047969822 136.37751007080078 437
1711047969871 124.53913879394531 438
1711047969920 128.5799446105957 439
1711047969967 126.81352233886719 440
1711047970014 123.33770751953125 441
1711047970058 130.99277114868164 442
1711047970107 122.53322219848633 443
1711047970152 129.7117156982422 444
1711047970198 128.92549896240234 445
1711047970243 128.61983108520508 446
1711047970288 113.27973937988281 447
1711047970333 124.69684600830078 448
1711047970379 111.02131652832031 449
1711047970424 112.9980354309082 450
1711047970471 116.01324844360352 451
1711047970516 118.02548217773438 452
1711047970563 115.02893447875977 453
1711047970608 109.15239334106445 454
1711047970656 115.00948715209961 455
1711047970702 113.45087051391602 456
1711047970748 122.013671875 457
1711047970799 120.53835678100586 458
1711047970845 109.7933578491211 459
1711047970890 109.74399948120117 460
1711047970936 103.56410598754883 461
1711047970982 102.50326538085938 462
1711047971028 106.16045761108398 463
1711047971074 110.31793975830078 464
1711047971121 119.32381820678711 465
1711047971167 111.2347412109375 466
1711047971212 109.34756088256836 467
1711047971256 103.16860580444336 468
1711047971304 106.9946174621582 469
1711047971350 96.28656005859375 470
1711047971397 108.08289337158203 471
1711047971442 91.72724151611328 472
1711047971487 102.81470108032227 473
1711047971533 100.01838684082031 474
1711047971577 101.50199127197266 475
1711047971625 98.02302169799805 476
1711047971670 98.01922988891602 477
1711047971718 99.69552993774414 478
1711047971766 102.27047729492188 479
1711047971817 99.78121185302734 480
1711047971863 91.11498260498047 481
1711047971908 101.44184494018555 482
1711047971953 108.02836608886719 483
1711047971999 92.14962387084961 484
1711047972043 94.3382339477539 485
1711047972090 95.83885955810547 486
1711047972137 92.27645874023438 487
1711047972183 91.20756530761719 488
1711047972236 90.53945541381836 489
1711047972283 95.53110122680664 490
1711047972329 101.30924224853516 491
1711047972376 99.77549743652344 492
1711047972421 96.17212295532227 493
1711047972467 95.07976913452148 494
1711047972513 88.06806182861328 495
1711047972558 92.75722885131836 496
1711047972604 88.2629165649414 497
1711047972650 93.1086540222168 498
1711047972696 91.36083221435547 499
