1711027989601 -18.524338439244183 0
1711027989617 -18.488891872009983 1
1711027989633 -18.452564619716085 2
1711027989652 -18.416912045178975 3
1711027989670 -18.38088901156199 4
1711027989687 -18.345806522686267 5
1711027989704 -18.307782750282247 6
1711027989722 -18.270477555429384 7
1711027989739 -18.231898097100117 8
1711027989758 -18.192017623688837 9
1711027989775 -18.152366064046955 10
1711027989792 -18.109270413024493 11
1711027989809 -18.067033392076652 12
1711027989827 -18.02118746151092 13
1711027989844 -17.975111485460005 14
1711027989869 -17.92638378075456 15
1711027989887 -17.878187298051383 16
1711027989904 -17.82784509029579 17
1711027989921 -17.771510751922413 18
1711027989937 -17.71688628251635 19
1711027989954 -17.663154909319807 20
1711027989972 -17.603428651663734 21
1711027989989 -17.541416837385807 22
1711027990008 -17.480956470726653 23
1711027990025 -17.414540449727426 24
1711027990042 -17.351120546581036 25
1711027990059 -17.28553979650363 26
1711027990076 -17.21332283479639 27
1711027990093 -17.13943771593235 28
1711027990133 -17.06658282759129 29
1711027990153 -16.99171092261776 30
1711027990170 -16.917722699056213 31
1711027990193 -16.835050523843247 32
1711027990217 -16.748649919046816 33
1711027990236 -16.665428635332987 34
1711027990254 -16.578406713179223 35
1711027990273 -16.488309935393882 36
1711027990291 -16.39913827329121 37
1711027990309 -16.3014376641818 38
1711027990327 -16.205846266123253 39
1711027990344 -16.108931078549716 40
1711027990362 -16.00590220599897 41
1711027990387 -15.901748537292821 42
1711027990404 -15.796603868183151 43
1711027990421 -15.688674051905661 44
1711027990438 -15.578103527729777 45
1711027990455 -15.466644299479459 46
1711027990471 -15.353313283372586 47
1711027990489 -15.23071185510327 48
1711027990507 -15.11896796664998 49
1711027990524 -14.994289516560318 50
1711027990542 -14.871794545022896 51
1711027990559 -14.742325741395575 52
1711027990577 -14.62138387193762 53
1711027990594 -14.490077390906544 54
1711027990614 -14.355244796045794 55
1711027990633 -14.223939978906383 56
1711027990651 -14.090459606572539 57
1711027990670 -13.948654186040576 58
1711027990688 -13.811383759503995 59
1711027990705 -13.669684070866907 60
1711027990722 -13.529213933501595 61
1711027990739 -13.385875758870595 62
1711027990755 -13.242377229543246 63
1711027990772 -13.095437928534968 64
1711027990789 -12.948302022895794 65
1711027990806 -12.804787432635205 66
1711027990825 -12.653328249405535 67
1711027990843 -12.506887451687701 68
1711027990861 -12.356720510721754 69
1711027990883 -12.208961693892178 70
1711027990900 -12.052615891224178 71
1711027990917 -11.903090442470425 72
1711027990934 -11.752406945326278 73
1711027990952 -11.594373813023461 74
1711027990969 -11.446997173247658 75
1711027990987 -11.291667884100997 76
1711027991007 -11.13504940125002 77
1711027991023 -10.975836560661794 78
1711027991041 -10.827845787566178 79
1711027991058 -10.674302458769457 80
1711027991075 -10.52175607508394 81
1711027991092 -10.359447339897113 82
1711027991119 -10.207122129684953 83
1711027991137 -10.061165870356273 84
1711027991155 -9.902240726657515 85
1711027991172 -9.754151298343112 86
1711027991190 -9.603920071457479 87
1711027991207 -9.448375414059493 88
1711027991224 -9.303839216756565 89
1711027991241 -9.156242500846485 90
1711027991259 -9.012202610134919 91
1711027991275 -8.865329071158115 92
1711027991293 -8.722507319110726 93
1711027991311 -8.579093587799127 94
1711027991334 -8.439677898649089 95
1711027991352 -8.301959478333451 96
1711027991369 -8.16508269322 97
1711027991386 -8.028519730747634 98
1711027991404 -7.89758690164118 99
1711027991421 -7.765202182602302 100
1711027991438 -7.632070805230045 101
1711027991456 -7.503312789682099 102
1711027991475 -7.378376978369959 103
1711027991492 -7.254447654326693 104
1711027991509 -7.129845004943849 105
1711027991526 -7.010702316311907 106
1711027991542 -6.889954304451864 107
1711027991560 -6.775553506081962 108
1711027991577 -6.66329170862087 109
1711027991594 -6.551244813589378 110
1711027991617 -6.441054275663205 111
1711027991635 -6.33387626942836 112
1711027991661 -6.228897901514587 113
1711027991741 -6.1284181104103235 114
1711027991771 -6.030605065205699 115
1711027991807 -5.931578770110045 116
1711027991824 -5.838563147284154 117
1711027991840 -5.747088759328812 118
1711027991857 -5.656815265557123 119
1711027991873 -5.571030692648998 120
1711027991889 -5.487093105705051 121
1711027991906 -5.405005555921893 122
1711027991923 -5.327603357145256 123
1711027991939 -5.250095548139507 124
1711027991956 -5.174247577721641 125
1711027991973 -5.107185170993306 126
1711027991990 -5.036324314241646 127
1711027992006 -4.9676149630623465 128
1711027992024 -4.902760771959859 129
1711027992041 -4.841992702307228 130
1711027992058 -4.781359387158531 131
1711027992075 -4.722743460918065 132
1711027992092 -4.666857753875348 133
1711027992111 -4.613392801402201 134
1711027992133 -4.559839663666594 135
1711027992151 -4.510878751083467 136
1711027992168 -4.461115735813628 137
1711027992188 -4.4167574840948856 138
1711027992205 -4.370120161529381 139
1711027992225 -4.3273314361233775 140
1711027992244 -4.287378642841808 141
1711027992260 -4.247682199932743 142
1711027992277 -4.208545824168935 143
1711027992294 -4.1719206673107045 144
1711027992312 -4.137324313924095 145
1711027992335 -4.104084930344488 146
1711027992352 -4.071092271546252 147
1711027992369 -4.039770679446959 148
1711027992386 -4.008235365929777 149
1711027992402 -3.979316752364621 150
1711027992419 -3.9543014027521073 151
1711027992436 -3.9257352946056265 152
1711027992453 -3.8983236422275285 153
1711027992470 -3.8713839180679237 154
1711027992489 -3.8493642358131517 155
1711027992507 -3.823633400751447 156
1711027992525 -3.802640582998107 157
1711027992544 -3.7772263073923877 158
1711027992561 -3.755708897545569 159
1711027992578 -3.733001308455619 160
1711027992594 -3.712813949787149 161
1711027992610 -3.6911944444165883 162
1711027992628 -3.670228372186026 163
1711027992650 -3.6516330904804715 164
1711027992667 -3.6324131331730793 165
1711027992686 -3.611959833598637 166
1711027992702 -3.5919560851334316 167
1711027992719 -3.574194094952258 168
1711027992736 -3.554556811700645 169
1711027992753 -3.536380217708543 170
1711027992770 -3.5180970044109223 171
1711027992788 -3.5016536789599817 172
1711027992806 -3.4811917976219178 173
1711027992822 -3.4633959446139313 174
1711027992838 -3.4453314719579335 175
1711027992854 -3.428200745107903 176
1711027992871 -3.4108891401576455 177
1711027992887 -3.3922080588262267 178
1711027992905 -3.3744738339043145 179
1711027992921 -3.3570177963834773 180
1711027992938 -3.340184571900765 181
1711027992955 -3.321993438455298 182
1711027992972 -3.3053927232880307 183
1711027992989 -3.2873269083669587 184
1711027993006 -3.2699403549227783 185
1711027993023 -3.2522572133004717 186
1711027993040 -3.2340017673564665 187
1711027993057 -3.21608665456794 188
1711027993074 -3.19839262963466 189
1711027993090 -3.1807733744121665 190
1711027993107 -3.1627528782791785 191
1711027993135 -3.144407226876388 192
1711027993155 -3.1256926151248967 193
1711027993170 -3.1080091883497234 194
1711027993187 -3.089675117956025 195
1711027993203 -3.0714822685863936 196
1711027993220 -3.0526278170335592 197
1711027993238 -3.0339246612610484 198
1711027993254 -3.0161099716995343 199
1711027993271 -2.997157248055157 200
1711027993289 -2.9784595965181366 201
1711027993308 -2.959892442575853 202
1711027993324 -2.941418556439399 203
1711027993341 -2.9223495530578827 204
1711027993357 -2.904189621223846 205
1711027993374 -2.88538929850362 206
1711027993391 -2.86533102666222 207
1711027993408 -2.8469492223826958 208
1711027993426 -2.827587850774059 209
1711027993443 -2.8092791648022426 210
1711027993460 -2.790027727587272 211
1711027993479 -2.769426548835095 212
1711027993497 -2.7504457374129703 213
1711027993515 -2.7307364737885353 214
1711027993532 -2.7114347566281087 215
1711027993550 -2.691024975507734 216
1711027993567 -2.6712930546777245 217
1711027993584 -2.65099742488431 218
1711027993600 -2.631670694925462 219
1711027993617 -2.611601705852399 220
1711027993633 -2.5910561769029608 221
1711027993651 -2.5706561733522304 222
1711027993669 -2.5497615139996137 223
1711027993689 -2.530930463631021 224
1711027993705 -2.5100305948391357 225
1711027993721 -2.4880784718558844 226
1711027993738 -2.468379298912364 227
1711027993755 -2.4470786535544593 228
1711027993771 -2.426374204255868 229
1711027993788 -2.405305652998408 230
1711027993806 -2.384132641410651 231
1711027993823 -2.3649283696930095 232
1711027993840 -2.343055618367226 233
1711027993858 -2.3208522069005735 234
1711027993875 -2.3010278898235392 235
1711027993891 -2.279637353584559 236
1711027993908 -2.2592644204012453 237
1711027993925 -2.238084341630696 238
1711027993941 -2.21685642135531 239
1711027993957 -2.1952197888663223 240
1711027993974 -2.174983659173273 241
1711027993991 -2.1535897315593773 242
1711027994008 -2.132464906057804 243
1711027994024 -2.1107447241753685 244
1711027994041 -2.089877872917262 245
1711027994059 -2.068685033686039 246
1711027994078 -2.04744807896341 247
1711027994095 -2.026016617657801 248
1711027994154 -2.0047660610125733 249
1711027994222 -1.9836020497565787 250
1711027994257 -1.9615441269607619 251
1711027994271 -1.9410576644797248 252
1711027994288 -1.9196865313757865 253
1711027994305 -1.8985436369717092 254
1711027994323 -1.875637935148394 255
1711027994341 -1.8545784104214853 256
1711027994358 -1.833106568906453 257
1711027994376 -1.8117756411403874 258
1711027994393 -1.7904876138469152 259
1711027994410 -1.7688781668740972 260
1711027994427 -1.7472459905929973 261
1711027994444 -1.7260681473426858 262
1711027994460 -1.7057255587599887 263
1711027994477 -1.684790251323737 264
1711027994494 -1.662881528979126 265
1711027994510 -1.641991599728489 266
1711027994527 -1.621641476625829 267
1711027994544 -1.6012102519877986 268
1711027994560 -1.5802652082308613 269
1711027994577 -1.5600607811750087 270
1711027994595 -1.5389077743253927 271
1711027994612 -1.5189303469247455 272
1711027994633 -1.4986070115496806 273
1711027994651 -1.4789470505601137 274
1711027994668 -1.4589235307861412 275
1711027994684 -1.4386663261159147 276
1711027994702 -1.4193380127522657 277
1711027994719 -1.4001630541676948 278
1711027994736 -1.3796099397946997 279
1711027994753 -1.3601012892350797 280
1711027994770 -1.340252331393624 281
1711027994787 -1.3209151581469625 282
1711027994808 -1.30205608668189 283
1711027994824 -1.282348562434009 284
1711027994841 -1.2627204854322494 285
1711027994857 -1.2432833179268452 286
1711027994874 -1.2246960225602743 287
1711027994891 -1.2060318135277721 288
1711027994908 -1.1870047135425876 289
1711027994925 -1.1679757951161882 290
1711027994943 -1.1492732560850611 291
1711027994960 -1.1316070200558848 292
1711027994978 -1.1120196350953835 293
1711027994996 -1.0941807602886469 294
1711027995014 -1.0758640785769789 295
1711027995029 -1.0575886889948007 296
1711027995047 -1.0388252213290978 297
1711027995064 -1.0215803404685642 298
1711027995085 -1.0036894745085942 299
1711027995104 -0.9857162839397617 300
1711027995122 -0.9676279721094225 301
1711027995138 -0.9505913345731571 302
1711027995154 -0.9326827039592951 303
1711027995171 -0.9149233780039989 304
1711027995187 -0.898130399605366 305
1711027995203 -0.8802492699897642 306
1711027995221 -0.8637123883512026 307
1711027995237 -0.8456015701288251 308
1711027995253 -0.8294353234974983 309
1711027995270 -0.8115918555538053 310
1711027995286 -0.7948804011324455 311
1711027995304 -0.7781579342442124 312
1711027995323 -0.7615653072450297 313
1711027995340 -0.744533406035421 314
1711027995357 -0.728245806155581 315
1711027995373 -0.7114602145749325 316
1711027995390 -0.6949172834449351 317
1711027995406 -0.6787578743302991 318
1711027995423 -0.6628721938970983 319
1711027995439 -0.6469720056034287 320
1711027995455 -0.6311669099437875 321
1711027995471 -0.6149025809288271 322
1711027995489 -0.5992700283044505 323
1711027995506 -0.5841176749839778 324
1711027995523 -0.5690104299475316 325
1711027995541 -0.5533395121650491 326
1711027995560 -0.5383478533966963 327
1711027995580 -0.5240181433090629 328
1711027995600 -0.5088824213791374 329
1711027995617 -0.49420085771222566 330
1711027995643 -0.4798998355938948 331
1711027995665 -0.4652143480002282 332
1711027995688 -0.45052200674292653 333
1711027995709 -0.43670747273483257 334
1711027995728 -0.4220200305151396 335
1711027995749 -0.40842711259089337 336
1711027995774 -0.39468544965083785 337
1711027995792 -0.3809158173749225 338
1711027995819 -0.3673896148776423 339
1711027995854 -0.3535968954899329 340
1711027995871 -0.34101127230028094 341
1711027995892 -0.32758476616358645 342
1711027995918 -0.31447764321157545 343
1711027995940 -0.30198990491425737 344
1711027995961 -0.2887938139128139 345
1711027995979 -0.27647543597928714 346
1711027996001 -0.2648534869090602 347
1711027996022 -0.2519992659296417 348
1711027996040 -0.24046852307594424 349
1711027996058 -0.22804950701647075 350
1711027996077 -0.2162847541811066 351
1711027996096 -0.2049589350620551 352
1711027996122 -0.19321323027597015 353
1711027996142 -0.18177554877303304 354
1711027996160 -0.17062761090755307 355
1711027996184 -0.15929167857788107 356
1711027996204 -0.14854931076389133 357
1711027996227 -0.13742200912010882 358
1711027996266 -0.12656898111336812 359
1711027996291 -0.11578890645763096 360
1711027996324 -0.10497656448896198 361
1711027996344 -0.09448568583298278 362
1711027996367 -0.08416697568640652 363
1711027996393 -0.07361703537783115 364
1711027996422 -0.0629814715513326 365
1711027996442 -0.05388580959385081 366
1711027996463 -0.04307858643170559 367
1711027996488 -0.03313978896889824 368
1711027996508 -0.02338591214447039 369
1711027996529 -0.013646446243401833 370
1711027996552 -0.0038030481940345418 371
1711027996572 0.005446331677663396 372
1711027996593 0.015162413065742064 373
1711027996614 0.024510446531186836 374
1711027996638 0.033524072293346974 375
1711027996658 0.04235718576929115 376
1711027996761 0.05128627204664882 377
1711027996926 0.06022704700293824 378
1711027996987 0.06883628824727506 379
1711027997057 0.07731916746917267 380
1711027997109 0.08602949209560451 381
1711027997143 0.0940677902550392 382
1711027997167 0.10220777978035067 383
1711027997190 0.11048076429894493 384
1711027997209 0.11857027614968685 385
1711027997236 0.12629935463008846 386
1711027997254 0.1339362740296023 387
1711027997274 0.14201188111835505 388
1711027997293 0.14973435660399825 389
1711027997321 0.1570469739531163 390
1711027997340 0.1645971523796671 391
1711027997359 0.17215353977630166 392
1711027997382 0.17930576105150198 393
1711027997400 0.18668007885245996 394
1711027997419 0.19388486636171753 395
1711027997440 0.20102034718542028 396
1711027997458 0.20809898610871214 397
1711027997476 0.21477107762515169 398
1711027997496 0.221627473922001 399
1711027997519 0.22867750950696253 400
1711027997538 0.23503951421835767 401
1711027997556 0.24172021690406897 402
1711027997574 0.2482536158752775 403
1711027997591 0.25457088018453256 404
1711027997609 0.260709251531416 405
1711027997632 0.26717286920323435 406
1711027997649 0.2733948730174125 407
1711027997666 0.2794843245757178 408
1711027997684 0.2854656945612105 409
1711027997702 0.2917840739347072 410
1711027997720 0.29746808240143063 411
1711027997741 0.303300648229323 412
1711027997759 0.30904348225973766 413
1711027997776 0.3148321103699059 414
1711027997793 0.32037343839553534 415
1711027997816 0.32584111144668204 416
1711027997836 0.33117141329640776 417
1711027997856 0.3366668689501676 418
1711027997873 0.34238605271338507 419
1711027997891 0.3476960462706925 420
1711027997917 0.353062240718635 421
1711027997949 0.3584969621327483 422
1711027997967 0.36368098427801654 423
1711027998057 0.3688737870715302 424
1711027998077 0.37415793980837897 425
1711027998100 0.3790248474641641 426
1711027998134 0.38397939432209405 427
1711027998158 0.3891468254864988 428
1711027998178 0.39407056713786404 429
1711027998200 0.3987761711050585 430
1711027998219 0.4037618535650648 431
1711027998240 0.40816192678855223 432
1711027998258 0.4129836276051322 433
1711027998276 0.41771720593705275 434
1711027998296 0.42215789506411594 435
1711027998320 0.42666457418967774 436
1711027998339 0.43116259562818016 437
1711027998357 0.4356929807636142 438
1711027998375 0.4400514557892583 439
1711027998393 0.44421034291080763 440
1711027998420 0.44879340887932395 441
1711027998438 0.45278517686559017 442
1711027998455 0.45701921657702294 443
1711027998473 0.46127895204204616 444
1711027998491 0.46505337893754783 445
1711027998508 0.4695424002457649 446
1711027998525 0.47329144803791157 447
1711027998543 0.47711173092665216 448
1711027998561 0.48119029065383434 449
1711027998582 0.48485399651959216 450
1711027998603 0.4888941786799469 451
1711027998622 0.4925188137458467 452
1711027998642 0.4963743654688286 453
1711027998669 0.5000875434073131 454
1711027998687 0.5034342689555263 455
1711027998706 0.5072759854701088 456
1711027998726 0.5105960981867634 457
1711027998752 0.5142022121631105 458
1711027998773 0.5175053289440084 459
1711027998802 0.5210595848638653 460
1711027998826 0.5244013432640607 461
1711027998853 0.5273403404988798 462
1711027998874 0.530861621087931 463
1711027998908 0.5341560049194591 464
1711027998927 0.5369900575489654 465
1711027998957 0.5402667425142025 466
1711027998979 0.5433485490510539 467
1711027999003 0.5463885127918836 468
1711027999027 0.5495072577364759 469
1711027999055 0.5525480828408034 470
1711027999087 0.5553812011888674 471
1711027999118 0.5584423765788424 472
1711027999143 0.5612917716545307 473
1711027999172 0.5641558454318418 474
1711027999202 0.5671249770748519 475
1711027999225 0.5699062748754435 476
1711027999254 0.5726373791312629 477
1711027999286 0.5755499907873266 478
1711027999309 0.5783323142761636 479
1711027999350 0.5810078069554483 480
1711027999375 0.5836383065627362 481
1711027999413 0.5864694664270584 482
1711027999440 0.5889971626682259 483
1711027999458 0.5916362989211286 484
1711027999477 0.594337664726866 485
1711027999540 0.5967157765033433 486
1711027999598 0.5992515572500055 487
1711027999639 0.6018240865746963 488
1711027999663 0.6042953222916089 489
1711027999679 0.6064903160751058 490
1711027999702 0.6091585624707182 491
1711027999722 0.6114609755658705 492
1711027999740 0.6139396000287465 493
1711027999764 0.6162699418823425 494
1711027999787 0.6187438418270035 495
1711027999805 0.6210246763702005 496
1711027999824 0.6233127330601133 497
1711027999842 0.6255721328037551 498
1711027999862 0.6278465626579499 499
