1711027989597 4545.34912109375 0
1711027989612 4558.21923828125 1
1711027989626 4684.529541015625 2
1711027989643 4622.920166015625 3
1711027989667 4626.752685546875 4
1711027989684 4388.1707763671875 5
1711027989701 4480.55322265625 6
1711027989718 4525.18701171875 7
1711027989736 4480.485595703125 8
1711027989754 4410.35595703125 9
1711027989771 4413.9833984375 10
1711027989788 4477.2255859375 11
1711027989806 4468.6923828125 12
1711027989824 4538.447021484375 13
1711027989841 4530.373046875 14
1711027989861 4560.1376953125 15
1711027989880 4495.0 16
1711027989901 4417.341796875 17
1711027989918 4533.3330078125 18
1711027989934 4552.98974609375 19
1711027989951 4345.704345703125 20
1711027989968 4423.90087890625 21
1711027989986 4460.480224609375 22
1711027990004 4285.4443359375 23
1711027990021 4495.634521484375 24
1711027990038 4255.66650390625 25
1711027990055 4157.1427001953125 26
1711027990072 4272.694580078125 27
1711027990090 4312.12353515625 28
1711027990121 4235.601318359375 29
1711027990150 4172.8662109375 30
1711027990165 4048.799072265625 31
1711027990189 4236.63330078125 32
1711027990209 4286.71923828125 33
1711027990228 4240.201904296875 34
1711027990250 4187.3548583984375 35
1711027990269 4234.083740234375 36
1711027990287 4085.7618408203125 37
1711027990306 4200.060302734375 38
1711027990323 4076.9287109375 39
1711027990341 3886.876708984375 40
1711027990358 4058.8035888671875 41
1711027990377 3944.3853759765625 42
1711027990401 4028.153076171875 43
1711027990418 3937.5831298828125 44
1711027990435 3866.296875 45
1711027990451 3939.158447265625 46
1711027990468 3746.2928466796875 47
1711027990485 3906.060791015625 48
1711027990503 3732.09619140625 49
1711027990521 3782.3212890625 50
1711027990539 3677.776611328125 51
1711027990556 3711.77490234375 52
1711027990573 3662.2125244140625 53
1711027990590 3604.793701171875 54
1711027990609 3617.0325927734375 55
1711027990626 3626.9298095703125 56
1711027990643 3596.3968505859375 57
1711027990666 3585.5927734375 58
1711027990684 3492.460205078125 59
1711027990701 3501.810302734375 60
1711027990719 3462.51708984375 61
1711027990735 3313.093505859375 62
1711027990752 3316.9412841796875 63
1711027990769 3337.8621826171875 64
1711027990786 3241.292236328125 65
1711027990802 3265.2027587890625 66
1711027990821 3168.43603515625 67
1711027990839 3184.150390625 68
1711027990857 3149.2882080078125 69
1711027990876 3101.017822265625 70
1711027990893 3082.366455078125 71
1711027990910 3038.8519287109375 72
1711027990927 2963.81298828125 73
1711027990944 2927.6815185546875 74
1711027990966 2902.8736572265625 75
1711027990983 2938.2879638671875 76
1711027991000 2835.03955078125 77
1711027991020 2806.7252197265625 78
1711027991037 2786.9521484375 79
1711027991055 2780.5177001953125 80
1711027991072 2643.2999267578125 81
1711027991089 2715.3768310546875 82
1711027991108 2602.3978271484375 83
1711027991134 2659.71484375 84
1711027991152 2573.018798828125 85
1711027991169 2534.9237060546875 86
1711027991186 2499.3673095703125 87
1711027991203 2427.6851806640625 88
1711027991221 2427.3653564453125 89
1711027991238 2420.2044677734375 90
1711027991255 2330.03271484375 91
1711027991272 2326.3228759765625 92
1711027991289 2228.3303833007812 93
1711027991307 2297.756103515625 94
1711027991326 2212.22607421875 95
1711027991344 2173.794189453125 96
1711027991362 2230.9462890625 97
1711027991381 2136.1597900390625 98
1711027991401 2073.6810302734375 99
1711027991418 2073.746337890625 100
1711027991435 1984.9669189453125 101
1711027991453 1996.512939453125 102
1711027991471 1942.658203125 103
1711027991488 1960.4140625 104
1711027991505 1987.06982421875 105
1711027991522 1812.4586791992188 106
1711027991539 1848.8562622070312 107
1711027991557 1885.7526245117188 108
1711027991574 1815.9420166015625 109
1711027991591 1849.5038452148438 110
1711027991609 1845.5152587890625 111
1711027991626 1695.9463500976562 112
1711027991655 1674.1721801757812 113
1711027991735 1673.7669067382812 114
1711027991765 1743.66845703125 115
1711027991793 1657.072021484375 116
1711027991820 1641.37109375 117
1711027991837 1535.3532104492188 118
1711027991853 1582.8721313476562 119
1711027991870 1591.529052734375 120
1711027991886 1576.4733276367188 121
1711027991903 1568.832763671875 122
1711027991919 1518.3428344726562 123
1711027991936 1433.9585571289062 124
1711027991953 1463.7855224609375 125
1711027991969 1359.3651733398438 126
1711027991986 1422.9042358398438 127
1711027992003 1401.3106079101562 128
1711027992020 1507.7105102539062 129
1711027992037 1422.7809448242188 130
1711027992055 1365.1123046875 131
1711027992071 1341.0982666015625 132
1711027992088 1302.157958984375 133
1711027992105 1320.2999877929688 134
1711027992127 1289.3700561523438 135
1711027992144 1355.7122802734375 136
1711027992162 1349.18603515625 137
1711027992180 1222.092529296875 138
1711027992199 1303.2709350585938 139
1711027992220 1232.2971801757812 140
1711027992240 1210.5319213867188 141
1711027992257 1197.6082153320312 142
1711027992274 1189.2564697265625 143
1711027992291 1165.9197998046875 144
1711027992308 1253.117431640625 145
1711027992327 1197.0843505859375 146
1711027992344 1252.7901000976562 147
1711027992362 1185.8307495117188 148
1711027992380 1221.380859375 149
1711027992396 1200.35693359375 150
1711027992413 1115.2249145507812 151
1711027992429 1121.4041748046875 152
1711027992446 1161.8063354492188 153
1711027992466 1221.7120056152344 154
1711027992485 1093.8240051269531 155
1711027992503 1184.3568725585938 156
1711027992520 1139.792236328125 157
1711027992540 1178.5416870117188 158
1711027992557 1171.0015258789062 159
1711027992574 1135.2955932617188 160
1711027992591 1061.2288208007812 161
1711027992607 1144.3888549804688 162
1711027992624 1077.0469665527344 163
1711027992643 1043.1245422363281 164
1711027992660 1046.427734375 165
1711027992677 1053.9482727050781 166
1711027992696 1123.1040344238281 167
1711027992713 1049.6354064941406 168
1711027992732 1123.5024108886719 169
1711027992749 1094.2066650390625 170
1711027992767 1072.2093505859375 171
1711027992784 1058.32568359375 172
1711027992799 1087.81982421875 173
1711027992819 1102.6298828125 174
1711027992835 1060.3973388671875 175
1711027992851 1034.4102478027344 176
1711027992868 1000.1667175292969 177
1711027992884 998.6937255859375 178
1711027992901 1027.0250244140625 179
1711027992918 1019.2622375488281 180
1711027992934 990.9948425292969 181
1711027992951 1033.2486267089844 182
1711027992968 1062.4980773925781 183
1711027992985 983.9421997070312 184
1711027993003 1009.4901123046875 185
1711027993019 985.4824523925781 186
1711027993037 994.2015075683594 187
1711027993053 1011.6920471191406 188
1711027993070 1017.4929504394531 189
1711027993086 972.6997985839844 190
1711027993103 954.7996826171875 191
1711027993125 1004.1805419921875 192
1711027993151 1008.7658996582031 193
1711027993167 953.6026306152344 194
1711027993184 1003.6202392578125 195
1711027993199 967.1935424804688 196
1711027993217 949.3938598632812 197
1711027993234 942.439453125 198
1711027993251 941.2613830566406 199
1711027993268 942.6579895019531 200
1711027993285 919.9693603515625 201
1711027993303 902.5182495117188 202
1711027993321 913.1387634277344 203
1711027993338 919.4459838867188 204
1711027993354 858.6858215332031 205
1711027993371 915.370361328125 206
1711027993388 952.8172302246094 207
1711027993404 897.7506713867188 208
1711027993423 933.703857421875 209
1711027993440 908.3305969238281 210
1711027993457 908.4029541015625 211
1711027993475 932.0634460449219 212
1711027993492 887.3689575195312 213
1711027993509 887.7633361816406 214
1711027993525 845.5292358398438 215
1711027993543 883.3278503417969 216
1711027993560 890.2182006835938 217
1711027993577 827.8867797851562 218
1711027993593 917.77734375 219
1711027993611 881.5677490234375 220
1711027993627 854.3203125 221
1711027993645 846.0596008300781 222
1711027993664 896.8905639648438 223
1711027993681 798.7304992675781 224
1711027993702 791.5131530761719 225
1711027993718 876.9971923828125 226
1711027993735 818.086181640625 227
1711027993751 858.9444885253906 228
1711027993768 872.2915649414062 229
1711027993784 822.3955078125 230
1711027993800 834.4152221679688 231
1711027993820 756.43310546875 232
1711027993837 792.6178283691406 233
1711027993854 811.4181518554688 234
1711027993871 767.0760803222656 235
1711027993888 779.5191040039062 236
1711027993904 739.2574768066406 237
1711027993922 760.1329040527344 238
1711027993938 742.3487548828125 239
1711027993954 768.8394775390625 240
1711027993971 750.4958801269531 241
1711027993987 751.2398681640625 242
1711027994004 742.8716735839844 243
1711027994021 749.8667297363281 244
1711027994038 712.3175048828125 245
1711027994055 735.6871643066406 246
1711027994074 706.7843322753906 247
1711027994091 721.8480224609375 248
1711027994109 698.439208984375 249
1711027994216 722.81396484375 250
1711027994254 744.1231079101562 251
1711027994267 723.3447265625 252
1711027994282 698.0172424316406 253
1711027994301 682.9107055664062 254
1711027994316 714.13232421875 255
1711027994338 664.6479797363281 256
1711027994355 698.9124755859375 257
1711027994372 668.277099609375 258
1711027994389 652.3324279785156 259
1711027994406 660.3126525878906 260
1711027994423 649.4194030761719 261
1711027994440 629.6304931640625 262
1711027994457 603.2823486328125 263
1711027994474 602.7352752685547 264
1711027994490 618.2021484375 265
1711027994507 647.25341796875 266
1711027994524 625.3343200683594 267
1711027994541 588.2159118652344 268
1711027994557 610.9722595214844 269
1711027994574 566.1757965087891 270
1711027994592 584.8733825683594 271
1711027994608 576.00732421875 272
1711027994625 561.9028015136719 273
1711027994643 579.8142395019531 274
1711027994660 568.139892578125 275
1711027994678 577.3253479003906 276
1711027994696 562.3151550292969 277
1711027994714 552.3524475097656 278
1711027994732 595.5237121582031 279
1711027994749 561.1288757324219 280
1711027994767 560.4029846191406 281
1711027994783 553.0976867675781 282
1711027994801 536.7408447265625 283
1711027994821 511.1044006347656 284
1711027994837 528.9163513183594 285
1711027994854 535.0892333984375 286
1711027994871 538.4139556884766 287
1711027994887 535.5149078369141 288
1711027994904 519.2646789550781 289
1711027994922 508.6151428222656 290
1711027994939 512.6671600341797 291
1711027994957 487.2579040527344 292
1711027994974 499.3432159423828 293
1711027994991 489.5801696777344 294
1711027995009 475.2442932128906 295
1711027995025 474.5836486816406 296
1711027995042 475.74070739746094 297
1711027995058 467.9394073486328 298
1711027995078 480.3361511230469 299
1711027995098 470.0218048095703 300
1711027995119 470.48912048339844 301
1711027995135 461.5720977783203 302
1711027995151 437.52256774902344 303
1711027995168 439.45928955078125 304
1711027995184 436.8184356689453 305
1711027995199 471.30792236328125 306
1711027995216 426.03514099121094 307
1711027995234 423.03245544433594 308
1711027995249 410.2531280517578 309
1711027995266 433.0423889160156 310
1711027995281 434.95440673828125 311
1711027995298 434.37477111816406 312
1711027995319 406.5045166015625 313
1711027995336 414.7315216064453 314
1711027995353 385.26080322265625 315
1711027995369 421.91844177246094 316
1711027995386 410.8416442871094 317
1711027995403 412.8549346923828 318
1711027995419 391.4879150390625 319
1711027995436 397.93409729003906 320
1711027995452 385.2456512451172 321
1711027995468 373.2472229003906 322
1711027995485 392.90269470214844 323
1711027995502 374.7731018066406 324
1711027995519 370.4099578857422 325
1711027995538 380.3131561279297 326
1711027995555 371.4871368408203 327
1711027995574 345.0760192871094 328
1711027995593 348.32691955566406 329
1711027995611 347.89520263671875 330
1711027995637 360.56822204589844 331
1711027995658 351.13592529296875 332
1711027995680 359.48683166503906 333
1711027995705 334.7742004394531 334
1711027995724 348.72523498535156 335
1711027995744 335.7763671875 336
1711027995770 341.2128143310547 337
1711027995789 311.57569885253906 338
1711027995809 312.72450256347656 339
1711027995844 327.8636779785156 340
1711027995868 313.29510498046875 341
1711027995885 292.6782989501953 342
1711027995910 304.1227111816406 343
1711027995932 302.0148010253906 344
1711027995957 316.35693359375 345
1711027995975 309.4029846191406 346
1711027995993 280.9610366821289 347
1711027996015 282.99266815185547 348
1711027996036 269.7687530517578 349
1711027996055 292.93499755859375 350
1711027996073 275.59873962402344 351
1711027996092 277.2931823730469 352
1711027996115 271.62305450439453 353
1711027996138 292.0099105834961 354
1711027996156 283.9013977050781 355
1711027996176 295.15635681152344 356
1711027996198 268.5081481933594 357
1711027996220 269.11817932128906 358
1711027996258 265.6162109375 359
1711027996284 266.5458526611328 360
1711027996310 248.15406799316406 361
1711027996340 252.93399047851562 362
1711027996362 242.3914794921875 363
1711027996389 244.55831909179688 364
1711027996411 267.5515594482422 365
1711027996438 242.41212463378906 366
1711027996459 256.55613708496094 367
1711027996481 239.86705017089844 368
1711027996504 238.31927490234375 369
1711027996524 228.6487579345703 370
1711027996544 249.03172302246094 371
1711027996566 231.22836303710938 372
1711027996589 240.74490356445312 373
1711027996609 235.73035430908203 374
1711027996630 241.10934448242188 375
1711027996655 230.8332748413086 376
1711027996725 217.22695922851562 377
1711027996832 223.3675308227539 378
1711027996971 207.55494689941406 379
1711027997039 210.2966537475586 380
1711027997100 221.17062377929688 381
1711027997138 206.553955078125 382
1711027997158 206.27239990234375 383
1711027997186 200.91236877441406 384
1711027997205 206.38677215576172 385
1711027997228 207.27327728271484 386
1711027997251 193.05223083496094 387
1711027997270 197.99956512451172 388
1711027997290 207.93421173095703 389
1711027997310 191.7644500732422 390
1711027997336 212.43402099609375 391
1711027997356 200.8096923828125 392
1711027997374 194.12115478515625 393
1711027997392 178.78070831298828 394
1711027997413 182.98609924316406 395
1711027997435 179.7696075439453 396
1711027997455 177.16049194335938 397
1711027997472 184.4898223876953 398
1711027997491 166.199462890625 399
1711027997509 181.87511444091797 400
1711027997534 170.91602325439453 401
1711027997552 179.04518127441406 402
1711027997570 181.75009155273438 403
1711027997588 169.65045166015625 404
1711027997605 172.0373764038086 405
1711027997624 175.79345703125 406
1711027997641 168.1478729248047 407
1711027997659 165.723876953125 408
1711027997676 155.75867462158203 409
1711027997699 172.9116973876953 410
1711027997716 162.18262481689453 411
1711027997735 160.33929443359375 412
1711027997755 169.28824615478516 413
1711027997772 163.38924407958984 414
1711027997790 165.16869354248047 415
1711027997808 156.74718475341797 416
1711027997832 154.11199188232422 417
1711027997851 159.91600799560547 418
1711027997869 163.93081665039062 419
1711027997888 158.87042236328125 420
1711027997905 158.08346557617188 421
1711027997941 157.21839141845703 422
1711027997959 148.0777359008789 423
1711027997992 142.03205108642578 424
1711027998074 153.78255462646484 425
1711027998091 157.21347045898438 426
1711027998123 141.70967864990234 427
1711027998154 142.916259765625 428
1711027998173 147.38236236572266 429
1711027998192 143.444091796875 430
1711027998212 145.62966918945312 431
1711027998234 132.55338287353516 432
1711027998255 139.5688934326172 433
1711027998273 142.75286865234375 434
1711027998291 135.41488647460938 435
1711027998315 126.72289276123047 436
1711027998336 133.5802001953125 437
1711027998354 132.06175994873047 438
1711027998371 138.29573822021484 439
1711027998390 123.62614440917969 440
1711027998413 130.34463500976562 441
1711027998434 129.80496978759766 442
1711027998452 128.21782684326172 443
1711027998469 129.75106811523438 444
1711027998487 118.43777465820312 445
1711027998505 140.23400115966797 446
1711027998522 124.02613067626953 447
1711027998539 118.20266342163086 448
1711027998557 131.26930618286133 449
1711027998575 117.47613906860352 450
1711027998594 115.77942276000977 451
1711027998618 119.47468566894531 452
1711027998638 118.21184539794922 453
1711027998660 126.8106689453125 454
1711027998683 111.73066711425781 455
1711027998701 126.83447647094727 456
1711027998722 107.84389114379883 457
1711027998743 114.55229949951172 458
1711027998768 108.14754867553711 459
1711027998796 104.51467895507812 460
1711027998823 111.2228012084961 461
1711027998843 110.14622497558594 462
1711027998870 107.5724983215332 463
1711027998904 120.33159255981445 464
1711027998923 99.37575912475586 465
1711027998953 108.84204864501953 466
1711027998974 99.08459854125977 467
1711027998992 108.50899887084961 468
1711027999020 106.93251037597656 469
1711027999042 105.56734466552734 470
1711027999074 103.79776763916016 471
1711027999108 103.52123641967773 472
1711027999140 100.16305541992188 473
1711027999159 96.0154037475586 474
1711027999189 103.60904312133789 475
1711027999221 102.82745361328125 476
1711027999240 100.44391632080078 477
1711027999277 102.73866653442383 478
1711027999306 105.74477005004883 479
1711027999342 100.70422744750977 480
1711027999372 95.1154670715332 481
1711027999405 97.39336776733398 482
1711027999435 93.48057174682617 483
1711027999454 88.53550720214844 484
1711027999473 95.40911865234375 485
1711027999493 90.65776824951172 486
1711027999586 85.44168663024902 487
1711027999632 100.3258285522461 488
1711027999658 106.17545318603516 489
1711027999673 85.93584823608398 490
1711027999697 98.9121322631836 491
1711027999717 89.45441055297852 492
1711027999737 93.39271545410156 493
1711027999758 91.24464797973633 494
1711027999777 93.7944221496582 495
1711027999799 87.83430862426758 496
1711027999821 84.69861221313477 497
1711027999837 87.6790771484375 498
1711027999856 88.74200439453125 499
