1711050495165 4611.956787109375 0
1711050495210 4650.794921875 1
1711050495247 4562.48095703125 2
1711050495287 4514.80517578125 3
1711050495331 4519.12939453125 4
1711050495370 4665.650390625 5
1711050495408 4606.280517578125 6
1711050495449 4644.416259765625 7
1711050495488 4436.7294921875 8
1711050495525 4543.929931640625 9
1711050495563 4684.588623046875 10
1711050495600 4457.578369140625 11
1711050495637 4473.523193359375 12
1711050495690 4350.715576171875 13
1711050495743 4585.870361328125 14
1711050495780 4455.81982421875 15
1711050495821 4398.726806640625 16
1711050495860 4441.912841796875 17
1711050495902 4424.716552734375 18
1711050495942 4420.006591796875 19
1711050495983 4434.517822265625 20
1711050496020 4297.0850830078125 21
1711050496057 4304.7393798828125 22
1711050496095 4483.9677734375 23
1711050496133 4393.82861328125 24
1711050496171 4314.720703125 25
1711050496215 4313.27734375 26
1711050496253 4356.291015625 27
1711050496290 4277.475341796875 28
1711050496334 4314.56396484375 29
1711050496371 4295.93359375 30
1711050496409 4203.0050048828125 31
1711050496450 4224.65576171875 32
1711050496488 4120.8072509765625 33
1711050496526 4211.82470703125 34
1711050496568 4154.5443115234375 35
1711050496605 4092.210693359375 36
1711050496644 4224.677734375 37
1711050496684 4110.457275390625 38
1711050496724 4034.8416748046875 39
1711050496764 4072.5560302734375 40
1711050496805 3944.56494140625 41
1711050496843 4025.2572021484375 42
1711050496885 3937.1180419921875 43
1711050496922 3952.9844970703125 44
1711050496964 3826.343017578125 45
1711050497002 3967.7327880859375 46
1711050497042 3890.2315673828125 47
1711050497084 3922.948486328125 48
1711050497122 3795.0797119140625 49
1711050497161 3824.0972900390625 50
1711050497200 3714.7509765625 51
1711050497242 3823.6595458984375 52
1711050497281 3660.8946533203125 53
1711050497319 3667.7869873046875 54
1711050497357 3696.8892822265625 55
1711050497396 3703.056884765625 56
1711050497433 3628.4842529296875 57
1711050497474 3582.2041015625 58
1711050497512 3575.795654296875 59
1711050497550 3580.637451171875 60
1711050497589 3475.5958251953125 61
1711050497628 3476.1058349609375 62
1711050497666 3375.5797119140625 63
1711050497705 3305.886474609375 64
1711050497743 3289.5560302734375 65
1711050497781 3363.0526123046875 66
1711050497819 3199.251708984375 67
1711050497855 3262.5159912109375 68
1711050497893 3295.071533203125 69
1711050497933 3206.267333984375 70
1711050497971 3072.0386962890625 71
1711050498009 3165.0401611328125 72
1711050498048 3128.295166015625 73
1711050498085 2976.4791259765625 74
1711050498122 2974.0125732421875 75
1711050498162 3020.396728515625 76
1711050498200 2874.691650390625 77
1711050498238 2898.070556640625 78
1711050498276 2845.394287109375 79
1711050498316 2861.166748046875 80
1711050498353 2811.0819091796875 81
1711050498391 2733.944580078125 82
1711050498430 2673.9188232421875 83
1711050498469 2645.0211181640625 84
1711050498507 2695.302001953125 85
1711050498545 2607.4268798828125 86
1711050498586 2507.6201171875 87
1711050498623 2522.2838134765625 88
1711050498663 2467.25390625 89
1711050498699 2453.19482421875 90
1711050498737 2485.6517333984375 91
1711050498775 2415.2547607421875 92
1711050498814 2394.84375 93
1711050498851 2340.33251953125 94
1711050498888 2270.089111328125 95
1711050498926 2154.4359130859375 96
1711050498967 2232.6778564453125 97
1711050499005 2166.9586181640625 98
1711050499041 2155.5487060546875 99
1711050499080 2146.979736328125 100
1711050499117 2034.3643798828125 101
1711050499156 2108.4546508789062 102
1711050499193 2009.156982421875 103
1711050499238 2030.618408203125 104
1711050499274 1963.9181518554688 105
1711050499315 1935.025146484375 106
1711050499356 1854.2109985351562 107
1711050499395 1944.064697265625 108
1711050499433 1891.5722045898438 109
1711050499469 1813.9749755859375 110
1711050499507 1913.0137939453125 111
1711050499546 1714.1239624023438 112
1711050499591 1773.0574340820312 113
1711050499627 1700.4002685546875 114
1711050499667 1720.0433349609375 115
1711050499705 1668.19384765625 116
1711050499744 1709.144287109375 117
1711050499782 1599.9900512695312 118
1711050499819 1648.7060546875 119
1711050499857 1606.6714477539062 120
1711050499903 1514.7516479492188 121
1711050499944 1563.8978271484375 122
1711050499984 1513.0482177734375 123
1711050500022 1499.2224731445312 124
1711050500059 1531.8569946289062 125
1711050500099 1518.2826538085938 126
1711050500137 1429.3616943359375 127
1711050500175 1402.2474365234375 128
1711050500215 1483.2379150390625 129
1711050500285 1427.3841552734375 130
1711050500350 1411.3929443359375 131
1711050500412 1477.9723510742188 132
1711050500456 1384.8802490234375 133
1711050500496 1374.54296875 134
1711050500532 1342.2252807617188 135
1711050500571 1309.0822143554688 136
1711050500609 1276.6502075195312 137
1711050500649 1393.240234375 138
1711050500687 1268.0355224609375 139
1711050500726 1330.7101440429688 140
1711050500765 1278.1393432617188 141
1711050500801 1280.0487060546875 142
1711050500840 1285.3157348632812 143
1711050500883 1235.4863891601562 144
1711050500921 1247.9125366210938 145
1711050500960 1320.0564575195312 146
1711050500999 1255.1436157226562 147
1711050501037 1187.2509765625 148
1711050501074 1248.0712890625 149
1711050501112 1265.06201171875 150
1711050501150 1155.5808715820312 151
1711050501186 1252.4061279296875 152
1711050501223 1093.1358337402344 153
1711050501265 1223.4303588867188 154
1711050501303 1172.5946655273438 155
1711050501345 1193.8494262695312 156
1711050501382 1150.294921875 157
1711050501419 1130.5926513671875 158
1711050501458 1145.2532348632812 159
1711050501497 1115.3004150390625 160
1711050501536 1064.9023742675781 161
1711050501574 1043.6363525390625 162
1711050501614 1062.6856384277344 163
1711050501649 1116.3142700195312 164
1711050501686 1047.8496704101562 165
1711050501725 1094.9735717773438 166
1711050501764 1144.6599426269531 167
1711050501803 1123.2067260742188 168
1711050501839 1107.2263793945312 169
1711050501877 1101.8219604492188 170
1711050501916 1126.6575927734375 171
1711050501956 1065.491943359375 172
1711050501994 1090.4025268554688 173
1711050502034 1016.2161254882812 174
1711050502072 1086.0476379394531 175
1711050502110 1087.7998657226562 176
1711050502148 1038.4868774414062 177
1711050502187 1044.6344604492188 178
1711050502225 1050.0631103515625 179
1711050502270 1043.2743530273438 180
1711050502309 1053.0584716796875 181
1711050502351 997.1278076171875 182
1711050502389 972.58251953125 183
1711050502427 974.9860229492188 184
1711050502466 997.1684265136719 185
1711050502507 1011.2562255859375 186
1711050502551 1008.2882690429688 187
1711050502587 1002.0227661132812 188
1711050502627 1041.4052734375 189
1711050502667 939.9734802246094 190
1711050502704 998.7789916992188 191
1711050502743 1032.6067810058594 192
1711050502783 1029.1998291015625 193
1711050502818 947.8365783691406 194
1711050502855 1017.6109008789062 195
1711050502894 983.0790405273438 196
1711050502934 974.7137756347656 197
1711050502972 952.7219543457031 198
1711050503010 963.59814453125 199
1711050503052 935.9008178710938 200
1711050503090 1016.1683959960938 201
1711050503128 933.2227172851562 202
1711050503166 942.4207153320312 203
1711050503207 977.2453002929688 204
1711050503247 921.8337097167969 205
1711050503288 890.5614624023438 206
1711050503332 934.6372985839844 207
1711050503369 909.7030029296875 208
1711050503406 926.4199829101562 209
1711050503444 935.6065673828125 210
1711050503484 930.65869140625 211
1711050503519 870.8769836425781 212
1711050503563 853.2649536132812 213
1711050503601 895.8782958984375 214
1711050503646 873.9502258300781 215
1711050503684 910.5915222167969 216
1711050503722 876.2465209960938 217
1711050503762 878.4977111816406 218
1711050503801 855.2599182128906 219
1711050503839 786.1272888183594 220
1711050503879 858.9118041992188 221
1711050503915 824.4759216308594 222
1711050503953 836.8298034667969 223
1711050503990 807.615966796875 224
1711050504029 800.8178405761719 225
1711050504067 856.7482604980469 226
1711050504105 816.2854614257812 227
1711050504145 869.1641540527344 228
1711050504188 791.1102294921875 229
1711050504227 826.4349670410156 230
1711050504266 785.5640563964844 231
1711050504305 819.3604431152344 232
1711050504349 794.779296875 233
1711050504388 815.2866821289062 234
1711050504426 793.2310485839844 235
1711050504466 757.8075561523438 236
1711050504503 763.5783081054688 237
1711050504543 802.478759765625 238
1711050504581 726.0237731933594 239
1711050504618 730.3036193847656 240
1711050504655 790.882080078125 241
1711050504697 727.9697265625 242
1711050504737 739.6929626464844 243
1711050504776 742.1759643554688 244
1711050504815 725.5639343261719 245
1711050504851 745.6043701171875 246
1711050504892 710.6740112304688 247
1711050504933 685.1460876464844 248
1711050504970 697.0333251953125 249
1711050505008 681.7511291503906 250
1711050505049 718.2020874023438 251
1711050505087 699.3203125 252
1711050505124 731.4266662597656 253
1711050505163 657.1200561523438 254
1711050505202 661.7516784667969 255
1711050505240 688.4966430664062 256
1711050505278 669.2631530761719 257
1711050505316 684.15966796875 258
1711050505358 652.9335327148438 259
1711050505397 647.4714050292969 260
1711050505434 653.4866638183594 261
1711050505471 653.9477233886719 262
1711050505510 633.9058532714844 263
1711050505550 599.9679718017578 264
1711050505588 604.287109375 265
1711050505627 623.9628295898438 266
1711050505662 642.988525390625 267
1711050505705 618.6399230957031 268
1711050505744 615.2513732910156 269
1711050505782 600.8197631835938 270
1711050505818 590.7494812011719 271
1711050505856 594.6784057617188 272
1711050505898 566.2950439453125 273
1711050505936 587.5301513671875 274
1711050505973 536.2463073730469 275
1711050506011 592.99267578125 276
1711050506049 539.9941864013672 277
1711050506089 565.1011047363281 278
1711050506127 562.1422119140625 279
1711050506166 557.9284362792969 280
1711050506204 547.4459228515625 281
1711050506243 563.439208984375 282
1711050506281 530.8341979980469 283
1711050506324 559.4995727539062 284
1711050506365 520.0666809082031 285
1711050506404 526.1458587646484 286
1711050506454 511.11817932128906 287
1711050506522 547.4468994140625 288
1711050506584 491.7755889892578 289
1711050506631 527.8627319335938 290
1711050506669 510.068115234375 291
1711050506708 524.6761169433594 292
1711050506747 482.94090270996094 293
1711050506783 531.0045013427734 294
1711050506820 505.4707336425781 295
1711050506858 492.1094207763672 296
1711050506900 486.2429962158203 297
1711050506937 448.15467834472656 298
1711050506976 481.7306671142578 299
1711050507015 496.5955047607422 300
1711050507058 476.7845764160156 301
1711050507096 473.19236755371094 302
1711050507132 489.2231750488281 303
1711050507169 483.6841278076172 304
1711050507207 462.6552734375 305
1711050507245 467.4276885986328 306
1711050507282 427.9751281738281 307
1711050507321 437.71946716308594 308
1711050507363 433.4882354736328 309
1711050507402 402.9385223388672 310
1711050507437 406.1802978515625 311
1711050507474 412.5786590576172 312
1711050507514 437.6228332519531 313
1711050507550 427.9947814941406 314
1711050507587 403.35316467285156 315
1711050507628 411.05824279785156 316
1711050507666 428.36260986328125 317
1711050507704 420.76084899902344 318
1711050507742 390.33128356933594 319
1711050507780 408.8238067626953 320
1711050507816 408.04278564453125 321
1711050507853 407.5482177734375 322
1711050507893 377.8870086669922 323
1711050507933 389.88885498046875 324
1711050507971 381.8341369628906 325
1711050508008 379.96315002441406 326
1711050508047 384.0111541748047 327
1711050508083 375.27880859375 328
1711050508120 381.02679443359375 329
1711050508159 364.2194519042969 330
1711050508199 346.8538055419922 331
1711050508237 365.3764953613281 332
1711050508275 355.38084411621094 333
1711050508316 346.60565185546875 334
1711050508357 334.58030700683594 335
1711050508397 362.4940185546875 336
1711050508433 357.47743225097656 337
1711050508470 339.95753479003906 338
1711050508507 346.9355010986328 339
1711050508546 344.0680694580078 340
1711050508587 342.22642517089844 341
1711050508625 323.80482482910156 342
1711050508665 329.9591522216797 343
1711050508703 323.4713134765625 344
1711050508742 313.522705078125 345
1711050508780 322.0209503173828 346
1711050508816 289.06024169921875 347
1711050508854 296.6200180053711 348
1711050508892 330.21307373046875 349
1711050508934 290.6835479736328 350
1711050508971 317.91966247558594 351
1711050509009 288.610107421875 352
1711050509048 322.6981658935547 353
1711050509085 282.663330078125 354
1711050509122 299.0651397705078 355
1711050509161 302.55810546875 356
1711050509200 286.2584533691406 357
1711050509237 299.34911346435547 358
1711050509276 270.0638427734375 359
1711050509314 289.9713439941406 360
1711050509360 264.3722457885742 361
1711050509398 266.7762145996094 362
1711050509435 245.4598617553711 363
1711050509472 267.9237823486328 364
1711050509511 256.9165267944336 365
1711050509548 287.68377685546875 366
1711050509587 277.47406005859375 367
1711050509626 245.958251953125 368
1711050509664 270.35194396972656 369
1711050509704 265.58956146240234 370
1711050509742 238.0322265625 371
1711050509780 261.1756134033203 372
1711050509815 246.5580596923828 373
1711050509854 254.27442932128906 374
1711050509894 259.15423583984375 375
1711050509934 258.38488006591797 376
1711050509972 231.54663848876953 377
1711050510011 237.96583557128906 378
1711050510048 243.91728973388672 379
1711050510085 227.09951782226562 380
1711050510123 223.38661193847656 381
1711050510164 218.65843200683594 382
1711050510202 236.85496520996094 383
1711050510242 225.94419860839844 384
1711050510281 210.85745239257812 385
1711050510318 212.0902557373047 386
1711050510359 236.74095153808594 387
1711050510398 226.40377807617188 388
1711050510435 199.35030364990234 389
1711050510473 210.19599151611328 390
1711050510513 212.9617462158203 391
1711050510550 181.48577117919922 392
1711050510589 209.718505859375 393
1711050510627 191.99994659423828 394
1711050510665 217.8791275024414 395
1711050510701 215.64744567871094 396
1711050510738 192.85042572021484 397
1711050510777 197.21785736083984 398
1711050510822 190.43621063232422 399
1711050510863 183.7838592529297 400
1711050510900 197.49134063720703 401
1711050510939 193.3386993408203 402
1711050510977 176.8875961303711 403
1711050511015 186.47938537597656 404
1711050511052 182.68412017822266 405
1711050511090 191.8582305908203 406
1711050511131 190.22610473632812 407
1711050511168 181.05718994140625 408
1711050511206 174.48040008544922 409
1711050511244 169.9030532836914 410
1711050511282 166.6782455444336 411
1711050511318 158.78394317626953 412
1711050511364 169.29047393798828 413
1711050511403 171.35328674316406 414
1711050511440 159.3192367553711 415
1711050511476 170.98377990722656 416
1711050511515 166.5478515625 417
1711050511554 172.38985443115234 418
1711050511595 162.90459442138672 419
1711050511637 161.4502182006836 420
1711050511675 168.73387145996094 421
1711050511714 163.75440216064453 422
1711050511751 172.09364318847656 423
1711050511789 178.04693222045898 424
1711050511824 164.7553253173828 425
1711050511865 151.9900360107422 426
1711050511903 171.89817810058594 427
1711050511942 156.09510803222656 428
1711050511981 147.85702514648438 429
1711050512017 154.99041748046875 430
1711050512054 148.07736206054688 431
1711050512092 143.77835083007812 432
1711050512132 165.86403274536133 433
1711050512169 136.59333038330078 434
1711050512208 159.81534576416016 435
1711050512248 145.98284149169922 436
1711050512286 154.63414764404297 437
1711050512326 140.4545440673828 438
1711050512368 145.92230987548828 439
1711050512405 140.68798065185547 440
1711050512445 140.76416778564453 441
1711050512484 139.5209732055664 442
1711050512522 140.4874267578125 443
1711050512570 133.5541229248047 444
1711050512611 140.61032104492188 445
1711050512649 145.71512985229492 446
1711050512684 147.11497116088867 447
1711050512722 130.93572998046875 448
1711050512761 135.90252685546875 449
1711050512814 134.32874298095703 450
1711050512879 124.09674835205078 451
1711050512945 128.5803985595703 452
1711050512994 134.0050506591797 453
1711050513032 133.9870719909668 454
1711050513069 122.07225799560547 455
1711050513109 127.68458557128906 456
1711050513148 125.34968185424805 457
1711050513186 137.55252838134766 458
1711050513226 134.7283592224121 459
1711050513263 120.71953201293945 460
1711050513299 132.10850143432617 461
1711050513339 120.39464950561523 462
1711050513380 118.1346435546875 463
1711050513417 130.25791931152344 464
1711050513456 120.02527618408203 465
1711050513492 119.07465744018555 466
1711050513531 116.56207275390625 467
1711050513574 128.68712615966797 468
1711050513611 119.62056732177734 469
1711050513649 119.53569412231445 470
1711050513686 116.84625625610352 471
1711050513759 125.45111465454102 472
1711050513839 116.85177230834961 473
1711050513911 107.26466751098633 474
1711050513984 115.4652214050293 475
1711050514040 107.06246948242188 476
1711050514081 99.59269905090332 477
1711050514120 115.63628768920898 478
1711050514170 115.93845748901367 479
1711050514208 117.24733352661133 480
1711050514247 114.72990417480469 481
1711050514282 105.66120529174805 482
1711050514319 109.7789306640625 483
1711050514365 105.89985656738281 484
1711050514406 104.02114486694336 485
1711050514446 97.11011505126953 486
1711050514485 112.51056671142578 487
1711050514522 96.28351974487305 488
1711050514562 102.27091979980469 489
1711050514600 112.15670013427734 490
1711050514638 107.83414077758789 491
1711050514674 96.47772598266602 492
1711050514713 102.33256912231445 493
1711050514755 103.18780899047852 494
1711050514794 110.33655166625977 495
1711050514831 102.13710403442383 496
1711050514869 92.70500183105469 497
1711050514908 109.76750946044922 498
1711050514945 100.55793762207031 499
