1711050495185 -18.57161845850135 0
1711050495225 -18.53640361007497 1
1711050495262 -18.502126870506338 2
1711050495308 -18.466838926712786 3
1711050495349 -18.43165646152534 4
1711050495385 -18.394757425996374 5
1711050495424 -18.358644302413456 6
1711050495464 -18.322066833147716 7
1711050495503 -18.286141032778943 8
1711050495541 -18.24676410014065 9
1711050495577 -18.206130332449103 10
1711050495616 -18.167551224412815 11
1711050495654 -18.12733893462674 12
1711050495713 -18.085309898789877 13
1711050495759 -18.039504154912905 14
1711050495794 -17.995495273918124 15
1711050495837 -17.94907647151452 16
1711050495876 -17.903154802216886 17
1711050495918 -17.853127408153636 18
1711050495960 -17.801743860198393 19
1711050495998 -17.74952899424291 20
1711050496035 -17.695576979580476 21
1711050496073 -17.64130411271359 22
1711050496110 -17.579358743625296 23
1711050496148 -17.52097766491262 24
1711050496188 -17.460099794826064 25
1711050496232 -17.398455297769416 26
1711050496268 -17.33002300653123 27
1711050496309 -17.265103472181845 28
1711050496349 -17.192532908570865 29
1711050496388 -17.121328948360993 30
1711050496425 -17.047312563938227 31
1711050496466 -16.96967444109073 32
1711050496503 -16.89390195980523 33
1711050496543 -16.81362984390636 34
1711050496583 -16.728021256932113 35
1711050496621 -16.643668642751475 36
1711050496660 -16.552433825041437 37
1711050496701 -16.46504285575798 38
1711050496740 -16.37287682457282 39
1711050496783 -16.276779161539704 40
1711050496820 -16.1802376611306 41
1711050496861 -16.07896002445382 42
1711050496900 -15.980415459851194 43
1711050496939 -15.87322195403345 44
1711050496979 -15.771702114010438 45
1711050497019 -15.657718030529228 46
1711050497058 -15.550504892137106 47
1711050497101 -15.43527743563141 48
1711050497137 -15.325637397399063 49
1711050497176 -15.206711461359895 50
1711050497217 -15.090516797427863 51
1711050497259 -14.961129593203497 52
1711050497297 -14.850383795892057 53
1711050497335 -14.722526290134098 54
1711050497373 -14.59239671672867 55
1711050497410 -14.466010235362578 56
1711050497452 -14.336598270813484 57
1711050497490 -14.204168666949633 58
1711050497527 -14.065308757712804 59
1711050497565 -13.932460388019534 60
1711050497606 -13.795484989010921 61
1711050497643 -13.65108125276783 62
1711050497682 -13.506255395966372 63
1711050497722 -13.36587184428989 64
1711050497757 -13.222173689728312 65
1711050497799 -13.073870346499534 66
1711050497833 -12.924649327272125 67
1711050497871 -12.773077532258677 68
1711050497909 -12.624443084019312 69
1711050497946 -12.476734272860245 70
1711050497988 -12.325170620811356 71
1711050498024 -12.173503458533467 72
1711050498063 -12.01873818251725 73
1711050498101 -11.868958084911787 74
1711050498136 -11.712270440079648 75
1711050498178 -11.559107148181306 76
1711050498215 -11.412763312908263 77
1711050498254 -11.251620142759272 78
1711050498292 -11.103470103906934 79
1711050498331 -10.946110464090706 80
1711050498370 -10.800756511315022 81
1711050498406 -10.646660467010179 82
1711050498444 -10.49425021239831 83
1711050498483 -10.34065163263049 84
1711050498521 -10.194940811805827 85
1711050498565 -10.042012628136725 86
1711050498601 -9.891561685956479 87
1711050498641 -9.73985379942483 88
1711050498677 -9.59161881974499 89
1711050498715 -9.44635126858591 90
1711050498754 -9.299064050861634 91
1711050498790 -9.14629213571282 92
1711050498832 -9.006343491404273 93
1711050498866 -8.854630445524334 94
1711050498904 -8.710514214772646 95
1711050498942 -8.570436571167688 96
1711050498982 -8.42923827649468 97
1711050499021 -8.285199338374381 98
1711050499056 -8.153469070347386 99
1711050499094 -8.018838870708937 100
1711050499132 -7.878431329047043 101
1711050499170 -7.745879240358025 102
1711050499211 -7.6211993477517606 103
1711050499253 -7.491589005381956 104
1711050499289 -7.36378701676724 105
1711050499335 -7.242396596303353 106
1711050499371 -7.120247135659623 107
1711050499411 -7.002667530488852 108
1711050499447 -6.885753227148482 109
1711050499485 -6.774610528841927 110
1711050499523 -6.660495576367535 111
1711050499571 -6.550504712598795 112
1711050499607 -6.444119164994327 113
1711050499642 -6.338395393089314 114
1711050499684 -6.238243668568961 115
1711050499720 -6.139744991504968 116
1711050499760 -6.040852127755977 117
1711050499796 -5.945325058735359 118
1711050499834 -5.855244444080675 119
1711050499881 -5.765217748775147 120
1711050499919 -5.677485346741529 121
1711050499962 -5.593279949406708 122
1711050500000 -5.510390618545632 123
1711050500037 -5.431672716719615 124
1711050500075 -5.354425335347222 125
1711050500114 -5.277894887475134 126
1711050500152 -5.206233179030994 127
1711050500193 -5.137590201172378 128
1711050500229 -5.06588867650288 129
1711050500312 -5.0022671650785115 130
1711050500378 -4.937493802837042 131
1711050500435 -4.873947242074013 132
1711050500473 -4.817704147601969 133
1711050500510 -4.755792040454606 134
1711050500548 -4.7019433172722165 135
1711050500587 -4.647374576717034 136
1711050500625 -4.598172447758774 137
1711050500666 -4.545692239789286 138
1711050500703 -4.4991375007786125 139
1711050500742 -4.450365389010505 140
1711050500779 -4.407105875341147 141
1711050500817 -4.362781398989122 142
1711050500858 -4.323002081707484 143
1711050500898 -4.280172053937994 144
1711050500938 -4.243444606274 145
1711050500974 -4.204012356029472 146
1711050501016 -4.168516239730069 147
1711050501051 -4.135137604653259 148
1711050501089 -4.098720154851253 149
1711050501129 -4.065599391957077 150
1711050501164 -4.036383432624553 151
1711050501201 -4.004081634184461 152
1711050501240 -3.976281925048065 153
1711050501279 -3.945700412683376 154
1711050501323 -3.9177598075572293 155
1711050501359 -3.8928050675055754 156
1711050501398 -3.8671339572299352 157
1711050501435 -3.839932491945108 158
1711050501475 -3.817158736256151 159
1711050501515 -3.792700007083658 160
1711050501552 -3.7684035500521196 161
1711050501591 -3.74830468980847 162
1711050501628 -3.725703371215171 163
1711050501664 -3.702648728463555 164
1711050501703 -3.683237132138802 165
1711050501739 -3.662205135147887 166
1711050501782 -3.641276212414356 167
1711050501817 -3.621322278768928 168
1711050501855 -3.6015815706932814 169
1711050501893 -3.5808355589506453 170
1711050501934 -3.5610097177758036 171
1711050501972 -3.540407806882521 172
1711050502009 -3.521367073682387 173
1711050502050 -3.5036007129568265 174
1711050502086 -3.4817984009602876 175
1711050502126 -3.4623461787980663 176
1711050502163 -3.444010058686712 177
1711050502203 -3.4252301658581636 178
1711050502241 -3.406393550909172 179
1711050502287 -3.3863539836578678 180
1711050502330 -3.3688600809210447 181
1711050502368 -3.3496643484493864 182
1711050502403 -3.3321195297710062 183
1711050502443 -3.3142439044674195 184
1711050502481 -3.2951110164288853 185
1711050502529 -3.276569310479818 186
1711050502566 -3.25811553663422 187
1711050502605 -3.2419884080256223 188
1711050502643 -3.221213898295157 189
1711050502683 -3.2043742627194707 190
1711050502718 -3.1857858208503274 191
1711050502759 -3.1671487462099375 192
1711050502797 -3.1477578296979587 193
1711050502833 -3.129998591753873 194
1711050502872 -3.1100125231224247 195
1711050502909 -3.0914275963032036 196
1711050502950 -3.0725101230290868 197
1711050502989 -3.0533256025052395 198
1711050503025 -3.034583748065879 199
1711050503069 -3.015141573531377 200
1711050503105 -2.994323497280771 201
1711050503145 -2.9762683499985307 202
1711050503183 -2.9563733117632336 203
1711050503223 -2.9359699847206677 204
1711050503262 -2.916274754735316 205
1711050503305 -2.8961722373810925 206
1711050503348 -2.876275015812291 207
1711050503383 -2.8554452031587223 208
1711050503422 -2.8352939349202195 209
1711050503464 -2.8146058880996945 210
1711050503498 -2.793712007382299 211
1711050503537 -2.7743268798315097 212
1711050503578 -2.7529051111001284 213
1711050503621 -2.7319105376781616 214
1711050503664 -2.711234581704175 215
1711050503702 -2.6909858578991224 216
1711050503739 -2.6715431027010292 217
1711050503778 -2.6481830388285856 218
1711050503817 -2.6284673036728723 219
1711050503855 -2.608421091715504 220
1711050503892 -2.585985524158651 221
1711050503931 -2.5663180640211607 222
1711050503968 -2.5455158754473115 223
1711050504005 -2.525318741059406 224
1711050504044 -2.504499240191028 225
1711050504081 -2.4830459233698763 226
1711050504122 -2.4636591009959385 227
1711050504161 -2.441226300222102 228
1711050504205 -2.4231083381658376 229
1711050504243 -2.4016535684675704 230
1711050504284 -2.3809107974205155 231
1711050504321 -2.3592127336049287 232
1711050504367 -2.3389153839162575 233
1711050504403 -2.318320479967419 234
1711050504442 -2.2971720250036727 235
1711050504480 -2.277280310884841 236
1711050504521 -2.2554076054189007 237
1711050504557 -2.2349998074411164 238
1711050504596 -2.214382086944282 239
1711050504633 -2.193828001698973 240
1711050504671 -2.1722975388862262 241
1711050504716 -2.151874242099129 242
1711050504752 -2.1313732963255543 243
1711050504793 -2.1108175047893663 244
1711050504830 -2.090135142597982 245
1711050504870 -2.069069823193094 246
1711050504908 -2.0491520251064386 247
1711050504949 -2.0289460680314533 248
1711050504985 -2.007608759825547 249
1711050505024 -1.98816125323015 250
1711050505065 -1.966532963128099 251
1711050505102 -1.9461899455650675 252
1711050505139 -1.9261460357336353 253
1711050505177 -1.9062430243454287 254
1711050505219 -1.8855258919736744 255
1711050505256 -1.8644642827305735 256
1711050505296 -1.8442154261151509 257
1711050505337 -1.823470164048334 258
1711050505374 -1.8033524193898178 259
1711050505414 -1.7830193368188705 260
1711050505449 -1.762843966298568 261
1711050505487 -1.7417765034926092 262
1711050505526 -1.7215803091232695 263
1711050505565 -1.7022064688779306 264
1711050505605 -1.6817995364099123 265
1711050505640 -1.6611787403197402 266
1711050505679 -1.6411885700928415 267
1711050505720 -1.6214914532011497 268
1711050505761 -1.601489483518732 269
1711050505797 -1.5813917275384242 270
1711050505835 -1.561759322911482 271
1711050505873 -1.5410473150638584 272
1711050505913 -1.5229342982825909 273
1711050505952 -1.5019179493039587 274
1711050505988 -1.4830802604856381 275
1711050506025 -1.4624596054176835 276
1711050506064 -1.4449229810775313 277
1711050506105 -1.4246111711444986 278
1711050506145 -1.4052521782890022 279
1711050506180 -1.3863918617030038 280
1711050506221 -1.367524023854238 281
1711050506257 -1.3480938491478178 282
1711050506301 -1.3298547509423098 283
1711050506344 -1.310212222829306 284
1711050506383 -1.2918646831135647 285
1711050506417 -1.2737678947500073 286
1711050506486 -1.2551376901072429 287
1711050506550 -1.2358194931574493 288
1711050506608 -1.2184164431480222 289
1711050506648 -1.200056901651334 290
1711050506684 -1.1823831401775085 291
1711050506724 -1.1640775460527535 292
1711050506761 -1.1461759593778202 293
1711050506798 -1.127362586687286 294
1711050506836 -1.1100320055762687 295
1711050506874 -1.0921283189256368 296
1711050506916 -1.074908265708511 297
1711050506952 -1.057829998694284 298
1711050506993 -1.0402795781859768 299
1711050507031 -1.0225438926544963 300
1711050507074 -1.0062083876115264 301
1711050507111 -0.988952079631596 302
1711050507148 -0.9720428220450767 303
1711050507185 -0.9556030566100455 304
1711050507222 -0.9390939615729621 305
1711050507260 -0.9218850962203411 306
1711050507299 -0.905797440017672 307
1711050507338 -0.8891588968250788 308
1711050507381 -0.8727608032528522 309
1711050507416 -0.8569513787999272 310
1711050507453 -0.8408040505870926 311
1711050507490 -0.8245303483560973 312
1711050507529 -0.808424688924789 313
1711050507566 -0.7931995773469018 314
1711050507602 -0.7780370025016874 315
1711050507643 -0.7618315633488197 316
1711050507680 -0.7470033621535537 317
1711050507720 -0.7317226155220493 318
1711050507760 -0.7167731698480797 319
1711050507795 -0.7013132355990461 320
1711050507832 -0.686604392379818 321
1711050507870 -0.671449929272451 322
1711050507909 -0.6571954097725277 323
1711050507950 -0.6421092670107407 324
1711050507985 -0.6279748964833809 325
1711050508024 -0.6133108647843597 326
1711050508061 -0.5987095454760618 327
1711050508098 -0.5845363541136135 328
1711050508137 -0.5701353696731943 329
1711050508174 -0.5564117367685184 330
1711050508216 -0.5421081340197715 331
1711050508252 -0.5278885758248937 332
1711050508290 -0.5145731142798893 333
1711050508332 -0.5004518865611267 334
1711050508374 -0.48710736361485263 335
1711050508411 -0.4730763462818155 336
1711050508449 -0.45982580147595287 337
1711050508486 -0.4464687109367549 338
1711050508523 -0.4329350699241159 339
1711050508565 -0.4201377333216192 340
1711050508602 -0.4073227747375201 341
1711050508641 -0.39438873630919224 342
1711050508682 -0.3812193083620441 343
1711050508717 -0.36864533615341344 344
1711050508758 -0.3560207996448559 345
1711050508794 -0.3435373034428144 346
1711050508832 -0.3315439030865093 347
1711050508870 -0.31883491319371093 348
1711050508910 -0.3065399247411922 349
1711050508950 -0.295194355551464 350
1711050508985 -0.2830979669686675 351
1711050509025 -0.2715241867100271 352
1711050509061 -0.25952432820035565 353
1711050509101 -0.2480803762921897 354
1711050509138 -0.23648188845520424 355
1711050509178 -0.22475850233439987 356
1711050509216 -0.21413693889109076 357
1711050509252 -0.20248707361238405 358
1711050509291 -0.19165422422563805 359
1711050509339 -0.17989032201120692 360
1711050509378 -0.1695149591880838 361
1711050509413 -0.1589623259489208 362
1711050509451 -0.14841750508005136 363
1711050509488 -0.13781803178269114 364
1711050509525 -0.12730031383602647 365
1711050509564 -0.11691574573790531 366
1711050509603 -0.1066745006721812 367
1711050509641 -0.09709406581730406 368
1711050509682 -0.08633432363983129 369
1711050509718 -0.07698526514667581 370
1711050509759 -0.0669549434488177 371
1711050509793 -0.05710520493058602 372
1711050509832 -0.04731076429816272 373
1711050509870 -0.037683716453846605 374
1711050509909 -0.028539000584447027 375
1711050509951 -0.018524005484746198 376
1711050509988 -0.010003868429736551 377
1711050510026 -0.0002559844548832846 378
1711050510064 0.00875701169424048 379
1711050510101 0.017439086915198354 380
1711050510139 0.026345245635833847 381
1711050510181 0.03506384258877582 382
1711050510217 0.04333576700229691 383
1711050510258 0.05202220084045739 384
1711050510298 0.060092280815224886 385
1711050510337 0.06838153170754846 386
1711050510375 0.07697976809635809 387
1711050510412 0.08474874135010801 388
1711050510451 0.09251292750767581 389
1711050510488 0.10029196783969563 390
1711050510529 0.10813093520344796 391
1711050510565 0.1149604821005662 392
1711050510604 0.12273845942238992 393
1711050510644 0.13002218002103139 394
1711050510679 0.13772131321017933 395
1711050510717 0.14489747522095398 396
1711050510754 0.15166901392235976 397
1711050510791 0.15880096784549314 398
1711050510838 0.1656703692312368 399
1711050510878 0.17262833004899258 400
1711050510915 0.17972973450189145 401
1711050510955 0.18633852437436127 402
1711050510993 0.1930015383204814 403
1711050511030 0.19974926378444657 404
1711050511068 0.2062768219490081 405
1711050511106 0.21284718696277416 406
1711050511145 0.2191205419810136 407
1711050511185 0.22551050585824783 408
1711050511221 0.23177171145277742 409
1711050511261 0.23789044999256637 410
1711050511296 0.2438854919645379 411
1711050511337 0.24965796264922868 412
1711050511379 0.25614052692725986 413
1711050511419 0.26200077842987535 414
1711050511456 0.2674709806788491 415
1711050511490 0.27321339438214887 416
1711050511532 0.27889679626769825 417
1711050511569 0.28451068622752085 418
1711050511617 0.2898929699236954 419
1711050511653 0.2954961068215315 420
1711050511691 0.3009603772878223 421
1711050511730 0.30618260081107074 422
1711050511768 0.3117270259706223 423
1711050511804 0.3171274910884676 424
1711050511840 0.32229815978562515 425
1711050511882 0.3274861128166806 426
1711050511917 0.3327883188013113 427
1711050511961 0.33776332853474167 428
1711050511996 0.3426294682347708 429
1711050512033 0.34778155205526806 430
1711050512070 0.35232305078498616 431
1711050512107 0.3571079118261342 432
1711050512148 0.36224312442273765 433
1711050512184 0.36631591305429223 434
1711050512223 0.3711865842711991 435
1711050512264 0.3756741665878789 436
1711050512301 0.38007314106950985 437
1711050512341 0.38413383152746905 438
1711050512384 0.3888775464432416 439
1711050512421 0.39295874392685914 440
1711050512460 0.3973278657590845 441
1711050512500 0.40154295980937293 442
1711050512537 0.4056111194456101 443
1711050512589 0.4091668831141154 444
1711050512628 0.4135562369857527 445
1711050512662 0.41728773612544556 446
1711050512700 0.4213849660041016 447
1711050512738 0.4250890601561417 448
1711050512775 0.42903495700184113 449
1711050512842 0.4327845205807592 450
1711050512908 0.43662474514671834 451
1711050512969 0.4404119154131113 452
1711050513010 0.4440797481263554 453
1711050513048 0.44777691975556166 454
1711050513086 0.45134868953765994 455
1711050513124 0.45468093010232435 456
1711050513165 0.4584280214159031 457
1711050513201 0.4618698585686465 458
1711050513242 0.46539320017708197 459
1711050513277 0.46860261798401637 460
1711050513314 0.4722987428684533 461
1711050513356 0.47549948723803304 462
1711050513394 0.478662281831415 463
1711050513435 0.48217414241160006 464
1711050513471 0.48538894251576115 465
1711050513508 0.4884934836190338 466
1711050513546 0.4916046354322351 467
1711050513588 0.49470889214545144 468
1711050513625 0.4976797984133631 469
1711050513664 0.5008911227348436 470
1711050513722 0.5038312681708299 471
1711050513792 0.5068197010960608 472
1711050513877 0.5096710493187444 473
1711050513945 0.5124801813958251 474
1711050514017 0.5155860939782293 475
1711050514055 0.5183420048639269 476
1711050514098 0.5209240575550559 477
1711050514140 0.5239714847764131 478
1711050514186 0.526525769159738 479
1711050514226 0.5293655077459843 480
1711050514261 0.532097474685225 481
1711050514298 0.5346111514007404 482
1711050514339 0.5374274143642164 483
1711050514384 0.5401143595473494 484
1711050514421 0.5426408356984036 485
1711050514463 0.5451880037886213 486
1711050514499 0.5477855005472122 487
1711050514538 0.5500841409150785 488
1711050514576 0.552620828062204 489
1711050514616 0.5550902394162321 490
1711050514653 0.5574799709016092 491
1711050514689 0.5597015323264714 492
1711050514732 0.5623194377829479 493
1711050514770 0.5645234536537602 494
1711050514808 0.5669951948199747 495
1711050514848 0.5691260013889281 496
1711050514883 0.5713017352782835 497
1711050514925 0.5737827464594372 498
1711050514960 0.575715963830842 499
