1711048328748 4620.114501953125 0
1711048328805 4565.704833984375 1
1711048328853 4674.822998046875 2
1711048328901 4512.60546875 3
1711048328950 4450.435791015625 4
1711048329000 4437.10498046875 5
1711048329048 4566.767578125 6
1711048329095 4508.474365234375 7
1711048329144 4500.136474609375 8
1711048329192 4536.972412109375 9
1711048329240 4563.71484375 10
1711048329285 4227.205078125 11
1711048329352 4488.048095703125 12
1711048329416 4464.590087890625 13
1711048329474 4369.1630859375 14
1711048329526 4371.78759765625 15
1711048329574 4445.4580078125 16
1711048329623 4518.093994140625 17
1711048329668 4291.57958984375 18
1711048329709 4438.48876953125 19
1711048329757 4311.04296875 20
1711048329809 4311.0537109375 21
1711048329855 4296.495361328125 22
1711048329902 4315.68994140625 23
1711048329950 4232.2490234375 24
1711048329999 4164.3077392578125 25
1711048330049 4197.545654296875 26
1711048330098 4196.423095703125 27
1711048330147 4302.30908203125 28
1711048330195 4174.893798828125 29
1711048330243 4130.7105712890625 30
1711048330291 4164.3857421875 31
1711048330339 4127.264892578125 32
1711048330390 4130.019287109375 33
1711048330435 4128.7022705078125 34
1711048330489 4113.1976318359375 35
1711048330537 4008.7093505859375 36
1711048330593 4050.3074951171875 37
1711048330642 3963.8623046875 38
1711048330688 3895.5538330078125 39
1711048330733 4082.947509765625 40
1711048330782 3895.682861328125 41
1711048330828 3907.9366455078125 42
1711048330875 3811.867431640625 43
1711048330920 3863.2384033203125 44
1711048330967 3766.439208984375 45
1711048331014 3827.509521484375 46
1711048331060 3675.451416015625 47
1711048331106 3625.9058837890625 48
1711048331153 3644.5269775390625 49
1711048331199 3698.6802978515625 50
1711048331244 3664.4632568359375 51
1711048331289 3557.2879638671875 52
1711048331333 3574.0120849609375 53
1711048331395 3457.9075927734375 54
1711048331443 3527.6439208984375 55
1711048331489 3451.864013671875 56
1711048331537 3387.0699462890625 57
1711048331581 3401.0831298828125 58
1711048331629 3297.9483642578125 59
1711048331677 3311.8619384765625 60
1711048331724 3249.3380126953125 61
1711048331769 3205.32763671875 62
1711048331815 3165.1756591796875 63
1711048331862 3146.1455078125 64
1711048331910 3063.4642333984375 65
1711048331956 3085.1622314453125 66
1711048332001 3002.350341796875 67
1711048332046 3014.7047119140625 68
1711048332092 2966.8023681640625 69
1711048332140 2944.90087890625 70
1711048332185 2894.60107421875 71
1711048332231 2897.091796875 72
1711048332276 2780.0537109375 73
1711048332323 2777.8992919921875 74
1711048332370 2763.745361328125 75
1711048332418 2709.9373779296875 76
1711048332465 2714.91259765625 77
1711048332511 2591.266845703125 78
1711048332559 2588.473388671875 79
1711048332603 2583.9296875 80
1711048332650 2445.9239501953125 81
1711048332696 2437.6663818359375 82
1711048332741 2474.4212646484375 83
1711048332787 2455.477294921875 84
1711048332833 2375.5343017578125 85
1711048332879 2329.538818359375 86
1711048332926 2320.4886474609375 87
1711048332972 2287.07421875 88
1711048333016 2288.208984375 89
1711048333062 2214.7103271484375 90
1711048333109 2167.3267822265625 91
1711048333154 2186.1419677734375 92
1711048333203 2111.5531005859375 93
1711048333248 2098.697265625 94
1711048333293 2041.1290893554688 95
1711048333338 2012.428955078125 96
1711048333383 2058.012939453125 97
1711048333438 1941.73876953125 98
1711048333481 1943.20068359375 99
1711048333527 1900.1760864257812 100
1711048333576 1879.4328002929688 101
1711048333622 1826.9158935546875 102
1711048333668 1784.7972412109375 103
1711048333714 1859.7314453125 104
1711048333759 1828.4297485351562 105
1711048333804 1741.0980834960938 106
1711048333849 1707.0653686523438 107
1711048333894 1695.15478515625 108
1711048333940 1674.7195434570312 109
1711048333984 1790.0425415039062 110
1711048334031 1590.1381225585938 111
1711048334077 1590.5222778320312 112
1711048334124 1569.5360107421875 113
1711048334171 1587.4539184570312 114
1711048334216 1640.2521362304688 115
1711048334262 1480.3312377929688 116
1711048334308 1460.3154907226562 117
1711048334352 1589.9441528320312 118
1711048334400 1523.7787475585938 119
1711048334446 1468.0215454101562 120
1711048334492 1484.7024536132812 121
1711048334537 1453.1123657226562 122
1711048334582 1481.3516235351562 123
1711048334631 1449.4541015625 124
1711048334682 1400.7557983398438 125
1711048334733 1271.5404968261719 126
1711048334786 1298.2700805664062 127
1711048334831 1313.40771484375 128
1711048334908 1309.3313598632812 129
1711048334984 1343.4124755859375 130
1711048335058 1255.4734497070312 131
1711048335104 1301.29736328125 132
1711048335148 1280.2976684570312 133
1711048335197 1235.990478515625 134
1711048335244 1227.4623413085938 135
1711048335291 1249.2445068359375 136
1711048335337 1196.677978515625 137
1711048335384 1199.187255859375 138
1711048335441 1234.6172485351562 139
1711048335486 1240.4432373046875 140
1711048335529 1148.6468811035156 141
1711048335578 1174.8447875976562 142
1711048335624 1150.1614379882812 143
1711048335667 1158.5934448242188 144
1711048335713 1127.2644653320312 145
1711048335761 1140.4267578125 146
1711048335807 1177.8291625976562 147
1711048335853 1127.34326171875 148
1711048335898 1125.0559692382812 149
1711048335946 1114.1883544921875 150
1711048335992 1124.367919921875 151
1711048336038 1092.21630859375 152
1711048336080 1080.4447021484375 153
1711048336128 1060.4044799804688 154
1711048336174 1047.6602172851562 155
1711048336219 1073.0949096679688 156
1711048336265 1092.2284545898438 157
1711048336311 1042.2345581054688 158
1711048336356 1075.3143310546875 159
1711048336400 1068.5624389648438 160
1711048336450 1125.0696411132812 161
1711048336496 1072.69677734375 162
1711048336541 1051.1807861328125 163
1711048336588 1069.8967590332031 164
1711048336631 1027.1181030273438 165
1711048336677 1000.07275390625 166
1711048336723 1004.5289916992188 167
1711048336769 1033.6817016601562 168
1711048336814 994.1844787597656 169
1711048336861 962.2278442382812 170
1711048336907 1036.7359619140625 171
1711048336949 993.87109375 172
1711048336998 1004.0732421875 173
1711048337043 993.1539306640625 174
1711048337088 986.8993530273438 175
1711048337133 922.239501953125 176
1711048337177 996.5468139648438 177
1711048337224 918.8000793457031 178
1711048337269 926.1268310546875 179
1711048337315 986.963134765625 180
1711048337360 982.4317932128906 181
1711048337406 962.9452209472656 182
1711048337453 911.0186462402344 183
1711048337504 966.484619140625 184
1711048337549 943.51904296875 185
1711048337594 944.3099670410156 186
1711048337640 954.141845703125 187
1711048337685 944.5704956054688 188
1711048337730 932.1968383789062 189
1711048337778 859.0920104980469 190
1711048337824 921.805419921875 191
1711048337870 928.9338073730469 192
1711048337913 900.9242858886719 193
1711048337960 941.710693359375 194
1711048338006 886.4195556640625 195
1711048338054 902.1593017578125 196
1711048338097 919.1772155761719 197
1711048338145 945.5040893554688 198
1711048338191 919.75 199
1711048338236 853.2276611328125 200
1711048338285 911.6656494140625 201
1711048338331 831.8370971679688 202
1711048338376 884.3004150390625 203
1711048338421 853.0503845214844 204
1711048338472 838.7788696289062 205
1711048338516 858.1560668945312 206
1711048338563 865.4267883300781 207
1711048338611 885.6371459960938 208
1711048338655 850.57470703125 209
1711048338699 796.2145080566406 210
1711048338745 804.77099609375 211
1711048338792 814.4445495605469 212
1711048338838 854.4850463867188 213
1711048338882 806.0765075683594 214
1711048338927 810.2010498046875 215
1711048338974 795.8589782714844 216
1711048339018 802.3358459472656 217
1711048339065 792.29150390625 218
1711048339113 795.7927856445312 219
1711048339159 802.8216247558594 220
1711048339205 791.9637145996094 221
1711048339249 828.3874816894531 222
1711048339295 816.5608825683594 223
1711048339342 768.6953735351562 224
1711048339389 769.8050231933594 225
1711048339436 793.5323791503906 226
1711048339484 718.3102416992188 227
1711048339530 719.4235229492188 228
1711048339579 796.5652770996094 229
1711048339643 729.4985961914062 230
1711048339694 707.8893127441406 231
1711048339747 778.8111267089844 232
1711048339826 797.1567993164062 233
1711048339877 759.3554077148438 234
1711048339923 757.9847412109375 235
1711048339970 750.6193237304688 236
1711048340015 797.1098022460938 237
1711048340061 706.2661743164062 238
1711048340106 737.5392456054688 239
1711048340148 719.7532043457031 240
1711048340197 651.245361328125 241
1711048340242 744.6243896484375 242
1711048340287 669.9999389648438 243
1711048340334 714.4645080566406 244
1711048340380 717.76318359375 245
1711048340425 673.044921875 246
1711048340468 662.5901794433594 247
1711048340522 689.5009765625 248
1711048340568 697.5922546386719 249
1711048340616 684.2075805664062 250
1711048340661 649.3954772949219 251
1711048340707 691.1461791992188 252
1711048340752 629.0569458007812 253
1711048340796 630.2456665039062 254
1711048340845 661.2359008789062 255
1711048340892 649.8195495605469 256
1711048340938 641.1132202148438 257
1711048340984 614.4866943359375 258
1711048341030 610.2979125976562 259
1711048341076 628.1595458984375 260
1711048341122 635.7019653320312 261
1711048341167 653.6974182128906 262
1711048341212 613.5591430664062 263
1711048341260 599.9400634765625 264
1711048341306 632.7904968261719 265
1711048341351 565.8542022705078 266
1711048341394 639.8856201171875 267
1711048341442 629.494384765625 268
1711048341493 578.4403991699219 269
1711048341541 601.8204345703125 270
1711048341588 583.6148986816406 271
1711048341635 585.9702758789062 272
1711048341681 570.4288940429688 273
1711048341727 563.7894592285156 274
1711048341773 585.9717102050781 275
1711048341819 548.4544830322266 276
1711048341864 539.1316680908203 277
1711048341914 544.159423828125 278
1711048341960 545.3733825683594 279
1711048342005 533.9525451660156 280
1711048342051 562.0518188476562 281
1711048342096 555.5388336181641 282
1711048342143 524.3656311035156 283
1711048342190 535.5278625488281 284
1711048342235 503.625732421875 285
1711048342281 527.3064575195312 286
1711048342327 512.4479675292969 287
1711048342373 499.82994079589844 288
1711048342421 532.0233154296875 289
1711048342464 500.0167694091797 290
1711048342517 504.0901184082031 291
1711048342561 522.474365234375 292
1711048342629 511.5164337158203 293
1711048342705 490.9312438964844 294
1711048342783 504.72845458984375 295
1711048342828 466.17503356933594 296
1711048342875 487.63365173339844 297
1711048342945 472.24098205566406 298
1711048342989 480.8739013671875 299
1711048343040 474.1932373046875 300
1711048343087 472.75982666015625 301
1711048343131 469.3617248535156 302
1711048343179 469.97035217285156 303
1711048343225 437.8625946044922 304
1711048343271 445.8287811279297 305
1711048343319 455.9912872314453 306
1711048343363 427.6635437011719 307
1711048343413 443.5653839111328 308
1711048343460 439.74684143066406 309
1711048343506 434.58740234375 310
1711048343559 435.4209289550781 311
1711048343605 402.6025695800781 312
1711048343658 433.4148864746094 313
1711048343708 420.8233947753906 314
1711048343754 412.45574951171875 315
1711048343800 441.9999694824219 316
1711048343845 410.06243896484375 317
1711048343897 413.4629821777344 318
1711048343948 411.9317932128906 319
1711048343994 407.6044006347656 320
1711048344041 397.9929962158203 321
1711048344087 392.10435485839844 322
1711048344132 402.4244842529297 323
1711048344178 354.68634033203125 324
1711048344223 371.0857238769531 325
1711048344270 359.5695343017578 326
1711048344313 392.4598846435547 327
1711048344361 380.2533416748047 328
1711048344408 364.47264099121094 329
1711048344457 362.474853515625 330
1711048344502 339.1740264892578 331
1711048344551 363.1271514892578 332
1711048344595 345.7472839355469 333
1711048344644 326.29144287109375 334
1711048344691 358.6023254394531 335
1711048344739 345.3290252685547 336
1711048344789 359.78114318847656 337
1711048344834 346.67198181152344 338
1711048344878 357.46495056152344 339
1711048344926 322.52569580078125 340
1711048344975 320.7860565185547 341
1711048345022 322.68482971191406 342
1711048345068 324.26380920410156 343
1711048345113 316.8775634765625 344
1711048345158 337.2039794921875 345
1711048345204 309.5513916015625 346
1711048345249 308.9307098388672 347
1711048345293 313.8699951171875 348
1711048345341 311.30340576171875 349
1711048345389 292.60767364501953 350
1711048345434 302.80047607421875 351
1711048345481 303.3686218261719 352
1711048345527 300.68650817871094 353
1711048345578 295.448974609375 354
1711048345623 302.55091857910156 355
1711048345671 289.89715576171875 356
1711048345718 295.0279541015625 357
1711048345763 304.55806732177734 358
1711048345812 287.95079040527344 359
1711048345860 290.56321716308594 360
1711048345906 292.9740447998047 361
1711048345952 265.91197204589844 362
1711048345997 284.17420959472656 363
1711048346042 276.5507507324219 364
1711048346089 266.5151062011719 365
1711048346133 263.08509063720703 366
1711048346180 243.79026794433594 367
1711048346228 261.60992431640625 368
1711048346274 262.66072845458984 369
1711048346321 242.03665924072266 370
1711048346367 244.90927124023438 371
1711048346413 248.46218872070312 372
1711048346460 256.03734588623047 373
1711048346506 247.17819213867188 374
1711048346555 249.20855712890625 375
1711048346602 251.23429107666016 376
1711048346647 241.16128540039062 377
1711048346694 235.35400390625 378
1711048346741 228.0555877685547 379
1711048346786 239.08074951171875 380
1711048346831 247.55695343017578 381
1711048346875 233.62757873535156 382
1711048346921 234.24887084960938 383
1711048346968 223.0535888671875 384
1711048347014 235.00113677978516 385
1711048347059 220.5177230834961 386
1711048347106 214.259033203125 387
1711048347152 225.91661834716797 388
1711048347198 229.18362426757812 389
1711048347244 214.86080169677734 390
1711048347290 207.12802124023438 391
1711048347340 203.65142822265625 392
1711048347386 216.93235778808594 393
1711048347431 199.11119079589844 394
1711048347476 202.1276092529297 395
1711048347523 212.40131378173828 396
1711048347572 192.17310333251953 397
1711048347617 202.88552856445312 398
1711048347661 200.64675903320312 399
1711048347710 195.8279800415039 400
1711048347757 184.0306625366211 401
1711048347801 209.3028106689453 402
1711048347846 195.50357055664062 403
1711048347892 187.33094787597656 404
1711048347937 178.60088348388672 405
1711048347982 202.98282623291016 406
1711048348030 190.87887573242188 407
1711048348077 201.36093139648438 408
1711048348122 186.33462524414062 409
1711048348167 187.1802978515625 410
1711048348214 187.19786071777344 411
1711048348261 196.69368743896484 412
1711048348307 192.83121490478516 413
1711048348354 170.32758331298828 414
1711048348403 196.28831481933594 415
1711048348447 175.1230697631836 416
1711048348493 178.8292236328125 417
1711048348540 172.77896881103516 418
1711048348588 175.61920928955078 419
1711048348637 172.03468322753906 420
1711048348683 178.7940673828125 421
1711048348728 165.01617431640625 422
1711048348775 160.2401123046875 423
1711048348820 174.37212371826172 424
1711048348865 163.56861877441406 425
1711048348908 168.7656707763672 426
1711048348955 157.79042053222656 427
1711048349000 157.54754638671875 428
1711048349046 153.3858184814453 429
1711048349090 154.57775115966797 430
1711048349133 156.4353790283203 431
1711048349181 154.4977569580078 432
1711048349226 167.3439178466797 433
1711048349273 164.93155670166016 434
1711048349320 142.99515533447266 435
1711048349365 142.15673065185547 436
1711048349411 151.6442413330078 437
1711048349457 149.4195098876953 438
1711048349503 147.10548400878906 439
1711048349546 135.85845947265625 440
1711048349595 142.98611450195312 441
1711048349641 143.6798324584961 442
1711048349687 142.19033813476562 443
1711048349735 136.66539764404297 444
1711048349790 142.92420196533203 445
1711048349838 142.73847198486328 446
1711048349884 139.80449676513672 447
1711048349928 141.64247131347656 448
1711048349975 150.05450057983398 449
1711048350023 135.83631134033203 450
1711048350074 133.24073028564453 451
1711048350157 139.8859405517578 452
1711048350234 123.0974235534668 453
1711048350304 134.39443969726562 454
1711048350351 130.2908058166504 455
1711048350397 138.61703872680664 456
1711048350443 134.25189590454102 457
1711048350489 127.830078125 458
1711048350535 139.28832626342773 459
1711048350582 129.0539436340332 460
1711048350632 121.26491928100586 461
1711048350677 116.07617950439453 462
1711048350723 131.56392669677734 463
1711048350770 123.35570526123047 464
1711048350814 133.5719451904297 465
1711048350862 128.89520263671875 466
1711048350907 133.69101333618164 467
1711048350952 129.69613647460938 468
1711048350996 121.91987609863281 469
1711048351043 119.32942581176758 470
1711048351093 114.36679458618164 471
1711048351152 123.58097839355469 472
1711048351203 127.38924789428711 473
1711048351259 114.91736602783203 474
1711048351316 109.41106796264648 475
1711048351368 113.19149017333984 476
1711048351412 119.33319091796875 477
1711048351458 119.00539779663086 478
1711048351504 121.8118782043457 479
1711048351551 113.51690292358398 480
1711048351596 115.64706039428711 481
1711048351652 109.2593879699707 482
1711048351696 117.39565658569336 483
1711048351741 106.07627487182617 484
1711048351788 114.48136901855469 485
1711048351837 113.57103729248047 486
1711048351881 96.68912506103516 487
1711048351929 110.18560791015625 488
1711048351974 102.56772994995117 489
1711048352020 104.85254287719727 490
1711048352066 104.62019348144531 491
1711048352111 106.04930877685547 492
1711048352156 93.23139953613281 493
1711048352203 97.58678436279297 494
1711048352247 100.16785049438477 495
1711048352293 103.82870483398438 496
1711048352340 97.57476043701172 497
1711048352386 98.97604370117188 498
1711048352431 92.44927978515625 499
