1711048328771 -18.403012109765307 0
1711048328826 -18.363881643269384 1
1711048328876 -18.323533976023878 2
1711048328922 -18.285175959445237 3
1711048328973 -18.24547077533688 4
1711048329023 -18.20422861609905 5
1711048329067 -18.161390403472993 6
1711048329117 -18.11838066045717 7
1711048329162 -18.07344296684148 8
1711048329210 -18.027385373088453 9
1711048329258 -17.981415902271536 10
1711048329321 -17.935153936814366 11
1711048329384 -17.88280237575893 12
1711048329442 -17.830515047658206 13
1711048329495 -17.778893836692696 14
1711048329544 -17.72270278970559 15
1711048329593 -17.664483080191633 16
1711048329641 -17.605386983443413 17
1711048329687 -17.547105501109304 18
1711048329726 -17.479849280835452 19
1711048329782 -17.41841946218031 20
1711048329827 -17.348428353697923 21
1711048329875 -17.280813134313842 22
1711048329923 -17.207414205941916 23
1711048329972 -17.134122693565743 24
1711048330020 -17.0595107275416 25
1711048330068 -16.982612447723852 26
1711048330117 -16.899085123809602 27
1711048330165 -16.815472347269587 28
1711048330214 -16.732309850801876 29
1711048330262 -16.64402217190206 30
1711048330312 -16.553855901378142 31
1711048330361 -16.46171839212543 32
1711048330408 -16.364818859953644 33
1711048330461 -16.266680026239648 34
1711048330509 -16.167526024600914 35
1711048330560 -16.06640887600127 36
1711048330614 -15.958183447475985 37
1711048330661 -15.849954928288774 38
1711048330708 -15.743785846214191 39
1711048330756 -15.620147006415753 40
1711048330799 -15.5116149826104 41
1711048330845 -15.392431847990792 42
1711048330892 -15.272494322404423 43
1711048330941 -15.149061357875393 44
1711048330990 -15.030888101756492 45
1711048331032 -14.89619828092622 46
1711048331080 -14.771039253115847 47
1711048331129 -14.640418715802781 48
1711048331173 -14.510095779323823 49
1711048331218 -14.371235122346205 50
1711048331261 -14.237268031386213 51
1711048331308 -14.10351030515264 52
1711048331352 -13.959479509680472 53
1711048331412 -13.822276280116148 54
1711048331461 -13.675952919467923 55
1711048331507 -13.535097005788444 56
1711048331555 -13.388350351100362 57
1711048331600 -13.241860286021844 58
1711048331650 -13.096657315921131 59
1711048331697 -12.947203877299941 60
1711048331743 -12.7976625420858 61
1711048331791 -12.645877224637687 62
1711048331833 -12.497628633549331 63
1711048331884 -12.342742146730261 64
1711048331928 -12.195475154720693 65
1711048331975 -12.036500556136616 66
1711048332022 -11.892486270242165 67
1711048332064 -11.736806897952137 68
1711048332110 -11.577571964318151 69
1711048332157 -11.425710365184013 70
1711048332208 -11.27529618069473 71
1711048332249 -11.121220290698718 72
1711048332296 -10.968199764073526 73
1711048332344 -10.810415275792334 74
1711048332393 -10.661466237509218 75
1711048332441 -10.510245831490957 76
1711048332484 -10.359421470760367 77
1711048332532 -10.201906283008512 78
1711048332577 -10.052476908841568 79
1711048332624 -9.902792510605238 80
1711048332669 -9.749542782566223 81
1711048332714 -9.60422819497489 82
1711048332759 -9.455819687393234 83
1711048332808 -9.308673212673776 84
1711048332855 -9.165055697240833 85
1711048332898 -9.017547358418737 86
1711048332945 -8.87437150787165 87
1711048332992 -8.731389828092876 88
1711048333035 -8.593186692431184 89
1711048333082 -8.45328757220345 90
1711048333127 -8.315659031046419 91
1711048333176 -8.18140197058703 92
1711048333223 -8.046849994676585 93
1711048333266 -7.913869347279961 94
1711048333310 -7.78426399149075 95
1711048333358 -7.65504806988281 96
1711048333411 -7.5303993113547065 97
1711048333455 -7.404732962764829 98
1711048333501 -7.280956798254801 99
1711048333549 -7.162427237846268 100
1711048333593 -7.043878266446956 101
1711048333641 -6.927129157102985 102
1711048333690 -6.813022111296119 103
1711048333732 -6.7012135162242155 104
1711048333778 -6.592464183788606 105
1711048333824 -6.483955585447523 106
1711048333866 -6.379054632427699 107
1711048333914 -6.274871416087464 108
1711048333958 -6.175883209211934 109
1711048334007 -6.074841077770122 110
1711048334052 -5.980351414223755 111
1711048334097 -5.885305503629791 112
1711048334145 -5.791608749944076 113
1711048334191 -5.703321198848272 114
1711048334236 -5.616028866763721 115
1711048334281 -5.530829786642789 116
1711048334326 -5.447617242186929 117
1711048334372 -5.367981020188431 118
1711048334422 -5.288249509930216 119
1711048334464 -5.211176474409014 120
1711048334509 -5.137995414128409 121
1711048334556 -5.065479721026991 122
1711048334602 -4.995377418447468 123
1711048334655 -4.928102154045465 124
1711048334706 -4.8610105365745975 125
1711048334757 -4.798291072299661 126
1711048334807 -4.736394895557032 127
1711048334863 -4.6755655074773586 128
1711048334941 -4.616698193174191 129
1711048335016 -4.561801155093679 130
1711048335075 -4.506630543656766 131
1711048335121 -4.455936623305998 132
1711048335168 -4.403052732320423 133
1711048335217 -4.354062505889015 134
1711048335264 -4.306571907158199 135
1711048335308 -4.260988169418955 136
1711048335358 -4.216330981931802 137
1711048335409 -4.172924758594954 138
1711048335460 -4.129594385415321 139
1711048335503 -4.089383543980995 140
1711048335549 -4.050657361210035 141
1711048335596 -4.012307222260596 142
1711048335641 -3.977780280013925 143
1711048335689 -3.940331058927905 144
1711048335734 -3.905335736629503 145
1711048335779 -3.873732806635636 146
1711048335826 -3.839408536301227 147
1711048335872 -3.808668916271931 148
1711048335920 -3.7764391168652782 149
1711048335964 -3.7497184184255286 150
1711048336011 -3.7186210970096534 151
1711048336056 -3.691112358707139 152
1711048336100 -3.6625102467058106 153
1711048336147 -3.636165718770945 154
1711048336191 -3.610908545668881 155
1711048336240 -3.585444124815721 156
1711048336285 -3.5587422775559956 157
1711048336329 -3.5358856426070773 158
1711048336374 -3.511444096311922 159
1711048336423 -3.488899983841957 160
1711048336471 -3.4658296597783247 161
1711048336513 -3.4442779192642856 162
1711048336560 -3.4226694265924813 163
1711048336605 -3.400706387268273 164
1711048336650 -3.380917650885479 165
1711048336696 -3.3601156872779043 166
1711048336744 -3.3392727875119466 167
1711048336788 -3.3191009609572006 168
1711048336836 -3.3020018909272837 169
1711048336879 -3.2819223936966173 170
1711048336924 -3.26275601631123 171
1711048336970 -3.243609107053034 172
1711048337016 -3.2254278342602998 173
1711048337061 -3.207680248104456 174
1711048337109 -3.1891770932953722 175
1711048337151 -3.1720304263881127 176
1711048337197 -3.1530551837844953 177
1711048337241 -3.136155339591128 178
1711048337290 -3.118650600176469 179
1711048337334 -3.1003968282830074 180
1711048337377 -3.0828286779232714 181
1711048337426 -3.065660194094379 182
1711048337479 -3.048858172179295 183
1711048337522 -3.0301665200009333 184
1711048337566 -3.0128147966867456 185
1711048337613 -2.9960636865752783 186
1711048337661 -2.977551086291704 187
1711048337705 -2.9604609121812695 188
1711048337751 -2.9425529183904184 189
1711048337796 -2.924960128978321 190
1711048337843 -2.9071789884367663 191
1711048337887 -2.8887630148119507 192
1711048337932 -2.872234348650661 193
1711048337978 -2.853421641454862 194
1711048338027 -2.8369271300172514 195
1711048338071 -2.818634308770562 196
1711048338117 -2.8012214731495773 197
1711048338165 -2.782522703848799 198
1711048338210 -2.7650652023464084 199
1711048338257 -2.748432822530136 200
1711048338305 -2.729712862980955 201
1711048338351 -2.71316266639192 202
1711048338393 -2.694203247477388 203
1711048338440 -2.677176343755721 204
1711048338490 -2.659334474430806 205
1711048338538 -2.6417460353109594 206
1711048338585 -2.6242105060062544 207
1711048338628 -2.6063529620510724 208
1711048338673 -2.5892122594331175 209
1711048338721 -2.571705634563586 210
1711048338763 -2.554023680575303 211
1711048338812 -2.5354948955573384 212
1711048338858 -2.518189242031762 213
1711048338899 -2.501108444775944 214
1711048338947 -2.483076570566581 215
1711048338991 -2.466257454417113 216
1711048339039 -2.4481339550753214 217
1711048339087 -2.430503293905322 218
1711048339130 -2.412837357559677 219
1711048339176 -2.394422166134592 220
1711048339221 -2.3771085896038198 221
1711048339272 -2.3590457241997544 222
1711048339313 -2.340481525963816 223
1711048339362 -2.322813486561677 224
1711048339410 -2.3048270593248983 225
1711048339456 -2.2862974907665015 226
1711048339506 -2.2693034898619078 227
1711048339549 -2.250837994196279 228
1711048339615 -2.232433516428472 229
1711048339662 -2.2149676770572104 230
1711048339714 -2.1969704577641656 231
1711048339783 -2.1791226784534006 232
1711048339851 -2.1602085609382615 233
1711048339895 -2.1426884624110554 234
1711048339944 -2.1249347991366787 235
1711048339990 -2.1055842404408005 236
1711048340033 -2.0868916059610174 237
1711048340079 -2.069316068807061 238
1711048340123 -2.0501935524906054 239
1711048340169 -2.0316066254427354 240
1711048340214 -2.013196371987592 241
1711048340259 -1.993698438414413 242
1711048340308 -1.9763634745235135 243
1711048340356 -1.9566260795768904 244
1711048340398 -1.938039193608911 245
1711048340442 -1.9204322875461939 246
1711048340494 -1.9026408955109173 247
1711048340541 -1.883064809727446 248
1711048340589 -1.8644040031118214 249
1711048340636 -1.8460765628042917 250
1711048340679 -1.8284139407954858 251
1711048340726 -1.8096063878159119 252
1711048340770 -1.7918608963394758 253
1711048340816 -1.7731319610254146 254
1711048340863 -1.7545027159574884 255
1711048340912 -1.736438911816517 256
1711048340960 -1.7183281584955061 257
1711048341004 -1.7010544994144428 258
1711048341050 -1.6833323507602898 259
1711048341095 -1.6641229747797501 260
1711048341141 -1.6467790940233642 261
1711048341188 -1.6279612504927425 262
1711048341235 -1.6110771037957528 263
1711048341277 -1.5928518572950385 264
1711048341323 -1.5744005207279232 265
1711048341369 -1.5577977403273162 266
1711048341413 -1.5383799319636005 267
1711048341461 -1.521600621338234 268
1711048341512 -1.5039208464646507 269
1711048341561 -1.485852823133912 270
1711048341606 -1.4681714015649114 271
1711048341653 -1.4505660351151102 272
1711048341700 -1.433018765353101 273
1711048341746 -1.4158405612320846 274
1711048341794 -1.3974381572814956 275
1711048341838 -1.3811833499279236 276
1711048341889 -1.3638740855429554 277
1711048341932 -1.3460826945395192 278
1711048341979 -1.329109747293589 279
1711048342026 -1.3120720426713106 280
1711048342071 -1.2944416393581974 281
1711048342118 -1.2770859951240432 282
1711048342162 -1.2605443588428762 283
1711048342208 -1.2427834368776272 284
1711048342255 -1.226390304037697 285
1711048342300 -1.208745938267882 286
1711048342345 -1.192123323430216 287
1711048342390 -1.1753317651506339 288
1711048342438 -1.1580007474754987 289
1711048342487 -1.1418326041920026 290
1711048342536 -1.1248682929785687 291
1711048342580 -1.1081617920080515 292
1711048342662 -1.0923099612127398 293
1711048342737 -1.0755375373600367 294
1711048342800 -1.0591056008419195 295
1711048342846 -1.0431994896945493 296
1711048342893 -1.0267851395478527 297
1711048342963 -1.010429754394914 298
1711048343007 -0.994217604283226 299
1711048343060 -0.9786027520513005 300
1711048343105 -0.9630660283660757 301
1711048343154 -0.9467050972347548 302
1711048343199 -0.9307661235082765 303
1711048343243 -0.9160215250032142 304
1711048343288 -0.9009330513686811 305
1711048343336 -0.8850538606877556 306
1711048343383 -0.8703022168484993 307
1711048343434 -0.8551450281035766 308
1711048343480 -0.8403295448413945 309
1711048343534 -0.8255006239129317 310
1711048343576 -0.8109622641734251 311
1711048343624 -0.7965960828961274 312
1711048343679 -0.7811004998553133 313
1711048343727 -0.7673795644889843 314
1711048343773 -0.7528716436914027 315
1711048343821 -0.7380904244912272 316
1711048343870 -0.7247290877225747 317
1711048343921 -0.70960742606976 318
1711048343967 -0.6954950227277692 319
1711048344015 -0.6820784630467167 320
1711048344059 -0.6678810389955809 321
1711048344106 -0.6538509010105538 322
1711048344152 -0.6398027107587816 323
1711048344195 -0.6267479379899996 324
1711048344242 -0.6121810830775709 325
1711048344288 -0.5990024793574511 326
1711048344334 -0.585801073271307 327
1711048344380 -0.5723109272539015 328
1711048344430 -0.5588124680682989 329
1711048344475 -0.5454556813150988 330
1711048344520 -0.5330441802507699 331
1711048344569 -0.5197863948169936 332
1711048344615 -0.5066975644192178 333
1711048344662 -0.4944854887533432 334
1711048344712 -0.4811221697481882 335
1711048344756 -0.46892776786646406 336
1711048344806 -0.4562080833282045 337
1711048344852 -0.4440727834140914 338
1711048344897 -0.43137837151351377 339
1711048344949 -0.419574732478865 340
1711048344995 -0.4073103023164013 341
1711048345043 -0.39486511464953855 342
1711048345087 -0.38286552091177284 343
1711048345133 -0.3709879889380674 344
1711048345176 -0.3590402531286665 345
1711048345224 -0.3475200820948747 346
1711048345268 -0.3359832685415314 347
1711048345313 -0.32420441645457965 348
1711048345359 -0.31288490098530275 349
1711048345406 -0.30138111335972795 350
1711048345457 -0.2901292891855378 351
1711048345499 -0.2790923491998685 352
1711048345554 -0.2680679442083822 353
1711048345596 -0.2572912897888415 354
1711048345643 -0.2458975703826618 355
1711048345692 -0.2356662783647232 356
1711048345737 -0.22487370268582318 357
1711048345783 -0.21424146288434875 358
1711048345832 -0.20393399816118918 359
1711048345880 -0.19319726114727898 360
1711048345925 -0.1828312767676492 361
1711048345973 -0.17342474424821663 362
1711048346015 -0.1623554321808205 363
1711048346062 -0.15234679210863433 364
1711048346107 -0.14209978499093223 365
1711048346153 -0.13242076522246582 366
1711048346204 -0.12298941358197912 367
1711048346245 -0.11273053993424975 368
1711048346292 -0.10324831683175217 369
1711048346343 -0.09405971802642354 370
1711048346387 -0.08465540536628291 371
1711048346436 -0.07517049521295438 372
1711048346479 -0.0658033294605409 373
1711048346524 -0.05679552209233196 374
1711048346576 -0.04786573441080644 375
1711048346623 -0.03882434613953434 376
1711048346665 -0.030508611347531245 377
1711048346715 -0.021124327154414813 378
1711048346758 -0.012512911507736035 379
1711048346804 -0.003889932889237002 380
1711048346850 0.004294763074425112 381
1711048346894 0.01285914681174638 382
1711048346943 0.02117453791971191 383
1711048346988 0.029402617577424905 384
1711048347036 0.03798937247491285 385
1711048347077 0.045793019374443356 386
1711048347125 0.05330778405918768 387
1711048347173 0.06160467747268683 388
1711048347217 0.06971055754065048 389
1711048347263 0.07677371930544008 390
1711048347310 0.08454965043474871 391
1711048347360 0.09211696350982868 392
1711048347405 0.09972109446833455 393
1711048347449 0.10652510919476121 394
1711048347497 0.1139555357188663 395
1711048347541 0.121166982558359 396
1711048347591 0.1281254818998412 397
1711048347635 0.13528676475281665 398
1711048347683 0.1420064227396971 399
1711048347728 0.14908532650166673 400
1711048347774 0.1556052845558913 401
1711048347820 0.1627877864529793 402
1711048347866 0.16900736574475195 403
1711048347910 0.17593505632175943 404
1711048347956 0.18207689402058458 405
1711048348005 0.18901390322080236 406
1711048348048 0.1950990605628825 407
1711048348095 0.20187590084959295 408
1711048348139 0.207775278690571 409
1711048348189 0.2144368223009261 410
1711048348237 0.22057710112295825 411
1711048348279 0.2272212298485069 412
1711048348327 0.23338349927757396 413
1711048348376 0.23904982705434663 414
1711048348422 0.2454208329698162 415
1711048348469 0.2513380851674377 416
1711048348511 0.25766519544377564 417
1711048348561 0.26354036872575726 418
1711048348611 0.26943517964951036 419
1711048348657 0.2751717873057523 420
1711048348702 0.281104812686784 421
1711048348747 0.28641650249460615 422
1711048348792 0.29206585944203545 423
1711048348839 0.2975808721883799 424
1711048348883 0.3030841942018144 425
1711048348928 0.3084862583888991 426
1711048348976 0.3134042771770996 427
1711048349021 0.3184743057868812 428
1711048349065 0.32384631742762726 429
1711048349107 0.3289792386737569 430
1711048349155 0.3340468709736669 431
1711048349200 0.3389684269056408 432
1711048349245 0.3437311461453114 433
1711048349290 0.3490174919382958 434
1711048349340 0.3535199030103313 435
1711048349387 0.3581634652739324 436
1711048349429 0.363450368681267 437
1711048349476 0.36756273691887653 438
1711048349521 0.37241609733696834 439
1711048349567 0.37686898966258875 440
1711048349615 0.3815476698078417 441
1711048349659 0.38595363263207516 442
1711048349706 0.39033263013369757 443
1711048349754 0.39452015247752115 444
1711048349809 0.39899435033915553 445
1711048349858 0.4032569565367975 446
1711048349904 0.4074517420049526 447
1711048349949 0.41162656395116115 448
1711048349994 0.4159168761468124 449
1711048350041 0.41980819946660874 450
1711048350113 0.42400477176237106 451
1711048350192 0.4278376208935992 452
1711048350264 0.4316214405017308 453
1711048350324 0.4357987204819941 454
1711048350372 0.43988676334726884 455
1711048350415 0.44379147841865196 456
1711048350462 0.44750771536199796 457
1711048350507 0.45125027799632766 458
1711048350555 0.4552393279876019 459
1711048350606 0.45875891376911593 460
1711048350650 0.46247788829057446 461
1711048350695 0.46597045004361626 462
1711048350742 0.469836503725651 463
1711048350788 0.47326361590306987 464
1711048350836 0.4769398506849525 465
1711048350881 0.48034139590835834 466
1711048350925 0.48401358842400255 467
1711048350969 0.48740913306235245 468
1711048351018 0.49076971996362395 469
1711048351061 0.4939898640334127 470
1711048351123 0.49743054018071486 471
1711048351173 0.5009486681349943 472
1711048351227 0.5043023605854144 473
1711048351279 0.5073352353021803 474
1711048351342 0.5103126413858823 475
1711048351385 0.5137242891083329 476
1711048351430 0.5167753628589427 477
1711048351478 0.5198689862439277 478
1711048351526 0.5229149105653161 479
1711048351570 0.525761951553235 480
1711048351626 0.5289734885020003 481
1711048351669 0.5318693199903175 482
1711048351713 0.5350157950273514 483
1711048351760 0.5378454568793184 484
1711048351809 0.5408890753427587 485
1711048351854 0.5438008146864537 486
1711048351902 0.5463354608491953 487
1711048351949 0.5495531083722613 488
1711048351992 0.5522623986926356 489
1711048352039 0.5551680513607105 490
1711048352086 0.5578234794404549 491
1711048352131 0.5606560594915251 492
1711048352174 0.5632518595385678 493
1711048352220 0.5659118383273256 494
1711048352269 0.5687612387874343 495
1711048352314 0.5711693030856975 496
1711048352358 0.5737940323264987 497
1711048352405 0.57651119941759 498
1711048352452 0.5789317430237153 499
