1711050195490 -18.44772432517739 0
1711050195538 -18.414202844224288 1
1711050195577 -18.379895753116017 2
1711050195614 -18.344252878999953 3
1711050195652 -18.308621710058627 4
1711050195694 -18.273608296264456 5
1711050195729 -18.237128138389206 6
1711050195768 -18.20147102082157 7
1711050195810 -18.166391676499003 8
1711050195851 -18.127136225466984 9
1711050195888 -18.08904149987211 10
1711050195927 -18.05071437374539 11
1711050195963 -18.010817926974116 12
1711050195998 -17.972006310623524 13
1711050196037 -17.9282449439555 14
1711050196087 -17.88514781900795 15
1711050196131 -17.840411034585 16
1711050196178 -17.79462199429416 17
1711050196218 -17.74728421711333 18
1711050196260 -17.696438350024042 19
1711050196302 -17.647363461860117 20
1711050196345 -17.59382853835719 21
1711050196388 -17.537900669182275 22
1711050196425 -17.483652409050116 23
1711050196462 -17.423683762123073 24
1711050196505 -17.362829924829665 25
1711050196546 -17.300214097667737 26
1711050196585 -17.236230071924346 27
1711050196621 -17.172192807036765 28
1711050196661 -17.1020570814439 29
1711050196698 -17.03085367900824 30
1711050196745 -16.95570716319849 31
1711050196784 -16.884527553740014 32
1711050196822 -16.801948664242808 33
1711050196864 -16.724547096940846 34
1711050196902 -16.6410189835201 35
1711050196941 -16.556304492437658 36
1711050196980 -16.473161202803624 37
1711050197015 -16.37830430445956 38
1711050197060 -16.28644776790254 39
1711050197094 -16.190875431171353 40
1711050197135 -16.095975306673267 41
1711050197173 -15.992296266096254 42
1711050197213 -15.892158606733819 43
1711050197250 -15.789136184963073 44
1711050197289 -15.68146552082304 45
1711050197328 -15.572247774253707 46
1711050197364 -15.459593300540114 47
1711050197404 -15.34365749234378 48
1711050197441 -15.230127938258207 49
1711050197479 -15.112592374346281 50
1711050197516 -14.992726111825327 51
1711050197554 -14.867843678048368 52
1711050197591 -14.741947454614827 53
1711050197631 -14.612434096414715 54
1711050197669 -14.49151043680272 55
1711050197707 -14.358505833744767 56
1711050197744 -14.224463401500676 57
1711050197788 -14.092545415357616 58
1711050197825 -13.959284674029135 59
1711050197862 -13.81866833515124 60
1711050197901 -13.679831557376772 61
1711050197941 -13.541642662640504 62
1711050197981 -13.400747835452528 63
1711050198016 -13.254558938807415 64
1711050198056 -13.113675034697726 65
1711050198092 -12.961198610751955 66
1711050198129 -12.819411181132837 67
1711050198170 -12.677016197976034 68
1711050198208 -12.52146814109412 69
1711050198245 -12.369470560245158 70
1711050198286 -12.22524871834863 71
1711050198325 -12.070804837490986 72
1711050198363 -11.917300195185963 73
1711050198399 -11.766902697104985 74
1711050198438 -11.61526507092509 75
1711050198474 -11.462309446853125 76
1711050198512 -11.3109017607337 77
1711050198549 -11.155272570944774 78
1711050198587 -10.999950798613966 79
1711050198628 -10.847730692463877 80
1711050198665 -10.697076005233425 81
1711050198705 -10.538325183405842 82
1711050198742 -10.394738330650174 83
1711050198780 -10.23786423976783 84
1711050198818 -10.0855378647473 85
1711050198856 -9.932486165078064 86
1711050198899 -9.7868872042756 87
1711050198937 -9.637864877543148 88
1711050198977 -9.488099201361882 89
1711050199011 -9.338366575928722 90
1711050199049 -9.190636216548947 91
1711050199087 -9.052314405421962 92
1711050199126 -8.902375738835463 93
1711050199166 -8.761667220222431 94
1711050199202 -8.61979707699922 95
1711050199241 -8.482652565674982 96
1711050199281 -8.337859414028346 97
1711050199319 -8.207643463888903 98
1711050199357 -8.069215860989361 99
1711050199395 -7.935592328713325 100
1711050199447 -7.8043161630558195 101
1711050199484 -7.670741712005219 102
1711050199522 -7.5441964363043414 103
1711050199562 -7.418173632985942 104
1711050199597 -7.290209416333692 105
1711050199636 -7.171946227857015 106
1711050199678 -7.050503599301708 107
1711050199714 -6.932175262889102 108
1711050199753 -6.811871571187924 109
1711050199795 -6.700937847764749 110
1711050199832 -6.589340686180623 111
1711050199869 -6.48023501853108 112
1711050199910 -6.375710188801286 113
1711050199949 -6.268863892556111 114
1711050199989 -6.167819362575729 115
1711050200025 -6.065032325058356 116
1711050200062 -5.9670915221718746 117
1711050200100 -5.873619630682012 118
1711050200137 -5.777366399561378 119
1711050200179 -5.687943416154072 120
1711050200214 -5.598450083006838 121
1711050200253 -5.512929398714625 122
1711050200294 -5.426647030956772 123
1711050200332 -5.346293911255638 124
1711050200371 -5.266016360088936 125
1711050200411 -5.188748263603929 126
1711050200455 -5.114550190318098 127
1711050200527 -5.041136715878117 128
1711050200588 -4.9719275224612165 129
1711050200641 -4.902452999336707 130
1711050200682 -4.83638054522555 131
1711050200720 -4.77187138218236 132
1711050200759 -4.71352828708593 133
1711050200799 -4.648375847547585 134
1711050200842 -4.591129140491249 135
1711050200877 -4.534702341222881 136
1711050200917 -4.480833995015366 137
1711050200955 -4.427422661412777 138
1711050200993 -4.37708495794179 139
1711050201031 -4.328259603592872 140
1711050201069 -4.27904339731815 141
1711050201110 -4.234083345410811 142
1711050201147 -4.1895921310780455 143
1711050201186 -4.149904940060187 144
1711050201227 -4.108132106808416 145
1711050201263 -4.069118508106833 146
1711050201303 -4.030799056817254 147
1711050201340 -3.9949192167139618 148
1711050201378 -3.961819866763281 149
1711050201414 -3.9267848084905257 150
1711050201455 -3.8946526549771763 151
1711050201495 -3.8618445903974132 152
1711050201539 -3.831433664309783 153
1711050201576 -3.8014302797267394 154
1711050201613 -3.7732174560511282 155
1711050201653 -3.74545852741048 156
1711050201691 -3.71643454167271 157
1711050201731 -3.6903116938953167 158
1711050201767 -3.6607516152479045 159
1711050201807 -3.637489840358718 160
1711050201845 -3.6131300382336544 161
1711050201886 -3.586612890237947 162
1711050201922 -3.561862460102187 163
1711050201964 -3.5392991418399973 164
1711050202003 -3.5151142913326874 165
1711050202039 -3.4928572939000153 166
1711050202076 -3.470249602534797 167
1711050202114 -3.449574326000496 168
1711050202148 -3.425859792272436 169
1711050202189 -3.4057017315374614 170
1711050202226 -3.38426437236087 171
1711050202262 -3.3630590156834197 172
1711050202309 -3.343549112199619 173
1711050202346 -3.322508971380385 174
1711050202383 -3.301948966370504 175
1711050202423 -3.2813191661193777 176
1711050202460 -3.261390062557294 177
1711050202497 -3.240341592670487 178
1711050202537 -3.221975768590366 179
1711050202573 -3.2020739862474583 180
1711050202609 -3.182595256172319 181
1711050202647 -3.1606137183137006 182
1711050202685 -3.142103174411801 183
1711050202726 -3.1229119841124184 184
1711050202762 -3.1035689884894477 185
1711050202801 -3.083150631623605 186
1711050202841 -3.065630539821184 187
1711050202883 -3.0469747916150283 188
1711050202922 -3.025747180946458 189
1711050202967 -3.0080439997836717 190
1711050203004 -2.9901312962494657 191
1711050203043 -2.970246364658769 192
1711050203080 -2.9513340762168108 193
1711050203119 -2.931872513516359 194
1711050203155 -2.9151773480545113 195
1711050203193 -2.8953137348652738 196
1711050203232 -2.8763562565313623 197
1711050203269 -2.857399209395692 198
1711050203311 -2.8390119395204327 199
1711050203350 -2.820628246038635 200
1711050203388 -2.800856081132156 201
1711050203425 -2.78249170824505 202
1711050203462 -2.764099360789859 203
1711050203500 -2.74456664325642 204
1711050203538 -2.7264511546174037 205
1711050203579 -2.707290033742403 206
1711050203614 -2.687951882425212 207
1711050203654 -2.66925517117624 208
1711050203694 -2.6496489958518614 209
1711050203731 -2.6320131306641104 210
1711050203774 -2.6120288661934845 211
1711050203808 -2.5931980932204723 212
1711050203851 -2.5742064241047853 213
1711050203890 -2.5553641845441373 214
1711050203931 -2.535657357294132 215
1711050203966 -2.516726186118447 216
1711050204009 -2.4961032056575037 217
1711050204046 -2.4771590493088462 218
1711050204083 -2.4576551433271545 219
1711050204122 -2.437459656247126 220
1711050204159 -2.4178750958391113 221
1711050204199 -2.3981680289231315 222
1711050204235 -2.3775255514250366 223
1711050204275 -2.357759809716141 224
1711050204314 -2.3381548801053924 225
1711050204352 -2.318668810353196 226
1711050204392 -2.298328424170524 227
1711050204428 -2.2779023115957067 228
1711050204469 -2.2587021311480364 229
1711050204506 -2.237674896511523 230
1711050204544 -2.2185059479994593 231
1711050204582 -2.1993275747260306 232
1711050204619 -2.1794811026885172 233
1711050204660 -2.1591670778072576 234
1711050204696 -2.1396491669624047 235
1711050204737 -2.119659075801411 236
1711050204775 -2.100229324208067 237
1711050204812 -2.0799133128495653 238
1711050204851 -2.0606872932579336 239
1711050204890 -2.040222245902486 240
1711050204930 -2.0208608400811094 241
1711050204966 -2.0012169047636332 242
1711050205009 -1.9810538687154748 243
1711050205046 -1.9614895539110049 244
1711050205086 -1.9404432220091632 245
1711050205123 -1.9216210093816453 246
1711050205160 -1.9013600311559489 247
1711050205200 -1.8811787459072318 248
1711050205235 -1.8618868697546898 249
1711050205285 -1.841945336326118 250
1711050205328 -1.8221860669177046 251
1711050205364 -1.8034623059639001 252
1711050205404 -1.7827909669680393 253
1711050205441 -1.7634725142528258 254
1711050205478 -1.743261990921094 255
1711050205516 -1.7248117963826655 256
1711050205556 -1.704500529865891 257
1711050205595 -1.6848855753124594 258
1711050205632 -1.6659061061186513 259
1711050205671 -1.645642938317598 260
1711050205708 -1.625960358787374 261
1711050205749 -1.607170696045785 262
1711050205790 -1.588017312331337 263
1711050205824 -1.5678414273248773 264
1711050205866 -1.548447512188563 265
1711050205904 -1.5284942014242908 266
1711050205943 -1.5092832804357919 267
1711050205978 -1.4909039616921866 268
1711050206019 -1.4714154754933744 269
1711050206056 -1.4512268864037 270
1711050206093 -1.4318888690738376 271
1711050206131 -1.4131500390605867 272
1711050206168 -1.3944889129355018 273
1711050206210 -1.3749138808623722 274
1711050206246 -1.3562809111330068 275
1711050206286 -1.3379015714624747 276
1711050206324 -1.3189197065979186 277
1711050206362 -1.2998418482412735 278
1711050206400 -1.2806003587279218 279
1711050206438 -1.263021796159269 280
1711050206478 -1.2441312122199473 281
1711050206514 -1.2256286313682305 282
1711050206549 -1.2070095907122238 283
1711050206589 -1.1890295996616556 284
1711050206626 -1.1705695768100939 285
1711050206665 -1.1524534393185868 286
1711050206704 -1.1348499722793273 287
1711050206741 -1.1169986051252714 288
1711050206780 -1.098831470811998 289
1711050206832 -1.0814282389698864 290
1711050206909 -1.0634850405632692 291
1711050206968 -1.0448165987237115 292
1711050207018 -1.0288216301597632 293
1711050207054 -1.0113012301331676 294
1711050207093 -0.9925063075417713 295
1711050207131 -0.9754055046983603 296
1711050207169 -0.9592375364876757 297
1711050207209 -0.9407803136222312 298
1711050207245 -0.9240530527974409 299
1711050207286 -0.90668516339107 300
1711050207324 -0.8904393562431181 301
1711050207363 -0.8727911148203786 302
1711050207401 -0.8566367888648851 303
1711050207441 -0.8395774444997961 304
1711050207479 -0.824055144181405 305
1711050207516 -0.8065551157067328 306
1711050207559 -0.7912777887390916 307
1711050207595 -0.7753497745829308 308
1711050207631 -0.7584303564311055 309
1711050207670 -0.7422756187862982 310
1711050207717 -0.7272668762317913 311
1711050207755 -0.7115524598738086 312
1711050207794 -0.6963530419605801 313
1711050207834 -0.6805872040048697 314
1711050207874 -0.6646377495663693 315
1711050207911 -0.6502994136661433 316
1711050207949 -0.6350014570410154 317
1711050207987 -0.619987873808916 318
1711050208029 -0.6048340599768947 319
1711050208064 -0.5898655694238959 320
1711050208108 -0.5756541542397908 321
1711050208143 -0.5605942328633668 322
1711050208180 -0.5463603471115299 323
1711050208218 -0.5317447133834168 324
1711050208257 -0.5173815545413223 325
1711050208297 -0.503237278015344 326
1711050208336 -0.4892509354834551 327
1711050208376 -0.4755572582606391 328
1711050208411 -0.4618282727978824 329
1711050208452 -0.44865141835120537 330
1711050208488 -0.4346475562708474 331
1711050208525 -0.4212336366977527 332
1711050208563 -0.4083184779008966 333
1711050208600 -0.39508804109344475 334
1711050208641 -0.3823203462625948 335
1711050208677 -0.3690323348883082 336
1711050208718 -0.3564295098830108 337
1711050208755 -0.3441867380760031 338
1711050208791 -0.3309123771186009 339
1711050208831 -0.31920704237306996 340
1711050208870 -0.3071440723430696 341
1711050208914 -0.29530095066694617 342
1711050208949 -0.2831234920150054 343
1711050208988 -0.2708529070887351 344
1711050209027 -0.2588800098849955 345
1711050209064 -0.24801113060858415 346
1711050209106 -0.23604912394051225 347
1711050209140 -0.22480138839608954 348
1711050209178 -0.21310932040462216 349
1711050209215 -0.2018606215643659 350
1711050209252 -0.19081001384835505 351
1711050209293 -0.18023482328264095 352
1711050209330 -0.16869789055714568 353
1711050209371 -0.15817567062954518 354
1711050209408 -0.14801630895586926 355
1711050209448 -0.13717700090542828 356
1711050209488 -0.12656857820835077 357
1711050209524 -0.116187056912185 358
1711050209560 -0.10652846995752507 359
1711050209598 -0.09611042685470905 360
1711050209639 -0.08668256220235104 361
1711050209675 -0.07652628611871215 362
1711050209713 -0.06690371264261508 363
1711050209751 -0.05744267697201999 364
1711050209788 -0.047700418426625646 365
1711050209825 -0.03827373183687488 366
1711050209863 -0.029321989276415827 367
1711050209908 -0.019593763606667647 368
1711050209945 -0.009985416490329913 369
1711050209982 -0.0016512410801399202 370
1711050210024 0.007501153851045217 371
1711050210060 0.0170540449734482 372
1711050210097 0.025371179614664063 373
1711050210137 0.03470006060074271 374
1711050210174 0.043324302973170914 375
1711050210214 0.05199455632662353 376
1711050210248 0.06037079313352811 377
1711050210291 0.06868455514057226 378
1711050210331 0.07737607453347395 379
1711050210373 0.08572023878894408 380
1711050210408 0.09398606245494034 381
1711050210449 0.10187289349864503 382
1711050210485 0.10976972692794917 383
1711050210524 0.11756125758805569 384
1711050210563 0.12551746665214447 385
1711050210599 0.13345294872593894 386
1711050210642 0.1409298358678146 387
1711050210677 0.1481409003930545 388
1711050210715 0.15597896327564453 389
1711050210752 0.16319629996553808 390
1711050210792 0.17033186838263303 391
1711050210829 0.17771676684872673 392
1711050210865 0.1852514158288351 393
1711050210909 0.19216702090292737 394
1711050210944 0.19893519567370332 395
1711050210983 0.20610623002770379 396
1711050211021 0.21312851307213754 397
1711050211063 0.21974321975347078 398
1711050211099 0.22593947401818304 399
1711050211136 0.23301560443280245 400
1711050211177 0.2394761619468737 401
1711050211212 0.24564735275281135 402
1711050211252 0.2519344075906449 403
1711050211289 0.25821543451837825 404
1711050211333 0.2643825766822204 405
1711050211369 0.2707444507499037 406
1711050211411 0.27628953837240344 407
1711050211447 0.2824168873069258 408
1711050211486 0.28838326481247456 409
1711050211528 0.2941731523923261 410
1711050211567 0.2997265309223015 411
1711050211603 0.30559887141331143 412
1711050211642 0.31155887453290154 413
1711050211682 0.3168826694977407 414
1711050211719 0.3225948641360412 415
1711050211760 0.3277114809485019 416
1711050211795 0.33343273328658174 417
1711050211834 0.3386030802283725 418
1711050211875 0.3439458916998487 419
1711050211916 0.3491114316043934 420
1711050211955 0.3546851099842375 421
1711050211994 0.3597008158350794 422
1711050212032 0.3645219206141199 423
1711050212069 0.3698498989324188 424
1711050212110 0.37468395893384043 425
1711050212146 0.37950775813766624 426
1711050212188 0.38449987490000137 427
1711050212223 0.3892642610605638 428
1711050212260 0.3939029304520264 429
1711050212298 0.39860686532507417 430
1711050212343 0.40322793365454546 431
1711050212382 0.40807286173088764 432
1711050212420 0.41235555623705245 433
1711050212457 0.4168217253811305 434
1711050212492 0.42102007405476927 435
1711050212531 0.4256517567898167 436
1711050212570 0.43013357114099504 437
1711050212607 0.4339568148945232 438
1711050212648 0.4383356656564603 439
1711050212684 0.442312381533133 440
1711050212724 0.4463064798142278 441
1711050212762 0.45045583098602227 442
1711050212799 0.4542551863569382 443
1711050212841 0.45827878206545714 444
1711050212874 0.46202462326181715 445
1711050212937 0.46595872475746414 446
1711050213002 0.4693993385067582 447
1711050213062 0.47340075925052416 448
1711050213113 0.47667796583927735 449
1711050213154 0.4805965400603208 450
1711050213195 0.4841934484472338 451
1711050213235 0.48752260773951284 452
1711050213272 0.4910438646156735 453
1711050213308 0.49453635414034847 454
1711050213347 0.49788382967589473 455
1711050213385 0.5011507352507123 456
1711050213425 0.5044748110326902 457
1711050213461 0.5078188041939826 458
1711050213499 0.5111158543754484 459
1711050213541 0.514296971787306 460
1711050213575 0.5173858655316917 461
1711050213613 0.5206616276196755 462
1711050213650 0.5237447642528799 463
1711050213692 0.5269591233861015 464
1711050213775 0.5300756233506794 465
1711050213851 0.532933664886583 466
1711050213923 0.5359325411499534 467
1711050214001 0.5390750907349205 468
1711050214041 0.5419482585721538 469
1711050214079 0.5447450534352252 470
1711050214119 0.547512430210053 471
1711050214161 0.5505875827311849 472
1711050214198 0.5534634869488084 473
1711050214242 0.5560150441530098 474
1711050214282 0.5587756163547565 475
1711050214322 0.561506591121713 476
1711050214365 0.5642900477762447 477
1711050214404 0.5666042589929565 478
1711050214439 0.5694439916489711 479
1711050214477 0.5718823357171833 480
1711050214514 0.5742705834413697 481
1711050214551 0.5767577151029841 482
1711050214592 0.5793187353482544 483
1711050214628 0.581520036833421 484
1711050214666 0.5840751869642118 485
1711050214708 0.586624992236622 486
1711050214745 0.588576427564855 487
1711050214784 0.5911468523798118 488
1711050214820 0.5934611218334545 489
1711050214857 0.5957706315349253 490
1711050214895 0.5981160130949239 491
1711050214940 0.6004694910559927 492
1711050214977 0.6026774417286525 493
1711050215017 0.6049133676922134 494
1711050215057 0.6071989720571003 495
1711050215092 0.6094525259120067 496
1711050215132 0.6117079221933135 497
1711050215173 0.6136944353907979 498
1711050215210 0.6159777134252338 499
