1711050195476 4758.1484375 0
1711050195520 4568.17138671875 1
1711050195561 4453.198486328125 2
1711050195600 4479.32958984375 3
1711050195637 4647.92822265625 4
1711050195676 4572.5087890625 5
1711050195716 4656.693115234375 6
1711050195751 4674.3544921875 7
1711050195795 4406.0489501953125 8
1711050195833 4632.353271484375 9
1711050195873 4659.3798828125 10
1711050195911 4578.57373046875 11
1711050195947 4530.1318359375 12
1711050195984 4330.2919921875 13
1711050196021 4368.56787109375 14
1711050196069 4413.50439453125 15
1711050196114 4450.4365234375 16
1711050196159 4451.07568359375 17
1711050196200 4366.76806640625 18
1711050196243 4433.834716796875 19
1711050196287 4370.332763671875 20
1711050196326 4354.64208984375 21
1711050196371 4322.6142578125 22
1711050196410 4348.628662109375 23
1711050196446 4355.536865234375 24
1711050196487 4274.647705078125 25
1711050196531 4401.51025390625 26
1711050196568 4276.799560546875 27
1711050196607 4260.278564453125 28
1711050196645 4142.3577880859375 29
1711050196682 4235.4150390625 30
1711050196729 4217.665283203125 31
1711050196767 4105.2626953125 32
1711050196806 4266.3763427734375 33
1711050196846 4138.824951171875 34
1711050196885 4163.892578125 35
1711050196926 4223.0501708984375 36
1711050196963 4071.2384033203125 37
1711050197001 4063.830078125 38
1711050197039 4081.833740234375 39
1711050197080 4095.5350341796875 40
1711050197117 4010.3466796875 41
1711050197158 4049.99267578125 42
1711050197197 4012.2650146484375 43
1711050197234 3888.34716796875 44
1711050197275 3919.5625 45
1711050197312 3890.1802978515625 46
1711050197349 3882.8836669921875 47
1711050197387 3848.7208251953125 48
1711050197427 3693.99951171875 49
1711050197463 3736.302978515625 50
1711050197500 3794.3193359375 51
1711050197538 3768.451416015625 52
1711050197577 3733.6136474609375 53
1711050197615 3719.2406005859375 54
1711050197653 3669.855224609375 55
1711050197692 3606.6832275390625 56
1711050197729 3549.7421875 57
1711050197768 3545.9190673828125 58
1711050197810 3483.9833984375 59
1711050197846 3448.17236328125 60
1711050197883 3462.2537841796875 61
1711050197924 3390.475341796875 62
1711050197964 3364.557373046875 63
1711050198002 3450.9114990234375 64
1711050198039 3310.5235595703125 65
1711050198077 3421.0089111328125 66
1711050198113 3356.4178466796875 67
1711050198152 3167.044677734375 68
1711050198194 3135.9681396484375 69
1711050198230 3140.0999755859375 70
1711050198268 3070.4852294921875 71
1711050198309 3019.9222412109375 72
1711050198347 3089.4700927734375 73
1711050198384 2912.0855712890625 74
1711050198422 3000.186279296875 75
1711050198460 2918.9212646484375 76
1711050198496 2937.9169921875 77
1711050198533 2847.251708984375 78
1711050198571 2820.5555419921875 79
1711050198611 2789.9688720703125 80
1711050198650 2681.2225341796875 81
1711050198689 2726.8309326171875 82
1711050198727 2637.9744873046875 83
1711050198765 2542.853759765625 84
1711050198803 2571.857666015625 85
1711050198842 2547.0606689453125 86
1711050198881 2569.873291015625 87
1711050198922 2519.2109375 88
1711050198960 2473.69384765625 89
1711050198996 2440.6387939453125 90
1711050199033 2349.8909912109375 91
1711050199071 2411.8282470703125 92
1711050199111 2321.363525390625 93
1711050199150 2321.84765625 94
1711050199187 2207.9830322265625 95
1711050199226 2200.306396484375 96
1711050199264 2138.7620849609375 97
1711050199304 2233.435791015625 98
1711050199343 2096.872802734375 99
1711050199380 2190.29052734375 100
1711050199425 2020.4459228515625 101
1711050199468 2036.84326171875 102
1711050199507 2019.1428833007812 103
1711050199546 2024.5338134765625 104
1711050199583 1884.8558959960938 105
1711050199621 1976.58203125 106
1711050199661 1759.4677124023438 107
1711050199699 1853.6104125976562 108
1711050199737 1889.0067138671875 109
1711050199776 1833.8648071289062 110
1711050199815 1776.6157836914062 111
1711050199853 1761.3196411132812 112
1711050199894 1782.9227905273438 113
1711050199933 1753.3897705078125 114
1711050199973 1709.7048950195312 115
1711050200010 1674.0974731445312 116
1711050200046 1660.0482177734375 117
1711050200084 1617.94384765625 118
1711050200122 1658.369384765625 119
1711050200162 1524.5850219726562 120
1711050200200 1579.1194458007812 121
1711050200237 1570.9342041015625 122
1711050200279 1424.6995239257812 123
1711050200315 1424.029541015625 124
1711050200355 1494.3933715820312 125
1711050200396 1464.2963256835938 126
1711050200434 1493.1265869140625 127
1711050200495 1466.3713989257812 128
1711050200561 1394.6726684570312 129
1711050200627 1385.7896728515625 130
1711050200665 1402.3067626953125 131
1711050200705 1437.2085571289062 132
1711050200744 1320.6444702148438 133
1711050200781 1390.7570190429688 134
1711050200825 1350.5155029296875 135
1711050200862 1331.6429443359375 136
1711050200900 1314.8158569335938 137
1711050200941 1289.1286010742188 138
1711050200977 1262.3004760742188 139
1711050201015 1241.917724609375 140
1711050201053 1247.3016357421875 141
1711050201094 1217.3934936523438 142
1711050201131 1303.8458251953125 143
1711050201171 1179.8671264648438 144
1711050201209 1189.2976684570312 145
1711050201248 1186.1220703125 146
1711050201286 1165.1370849609375 147
1711050201325 1121.8754272460938 148
1711050201362 1131.7339172363281 149
1711050201399 1109.2757263183594 150
1711050201438 1127.5896606445312 151
1711050201479 1201.4371948242188 152
1711050201521 1109.9560546875 153
1711050201562 1121.6387939453125 154
1711050201597 1093.57373046875 155
1711050201636 1100.4930419921875 156
1711050201676 1107.1602783203125 157
1711050201715 1023.7284851074219 158
1711050201753 1183.4173583984375 159
1711050201791 1076.99560546875 160
1711050201829 1071.0363159179688 161
1711050201868 1041.1051330566406 162
1711050201907 1105.6417846679688 163
1711050201947 1019.5436401367188 164
1711050201985 1083.5276489257812 165
1711050202025 1029.6138000488281 166
1711050202060 1060.3887939453125 167
1711050202098 1006.9207458496094 168
1711050202135 1047.6997680664062 169
1711050202172 992.220947265625 170
1711050202212 1041.0591430664062 171
1711050202247 1056.3897094726562 172
1711050202287 1008.0938720703125 173
1711050202329 1007.9795532226562 174
1711050202367 1001.9701232910156 175
1711050202406 1043.7155151367188 176
1711050202444 1049.1400146484375 177
1711050202482 1022.2816467285156 178
1711050202520 1018.6524047851562 179
1711050202559 948.4568176269531 180
1711050202594 1030.04931640625 181
1711050202631 1040.0222473144531 182
1711050202669 959.3865661621094 183
1711050202709 977.11474609375 184
1711050202747 972.9803161621094 185
1711050202784 970.8980102539062 186
1711050202826 908.5243530273438 187
1711050202862 909.6840515136719 188
1711050202906 992.0382080078125 189
1711050202946 945.2571411132812 190
1711050202990 866.660400390625 191
1711050203027 930.5047912597656 192
1711050203065 969.0980224609375 193
1711050203103 968.0024108886719 194
1711050203141 883.7830200195312 195
1711050203177 940.9949645996094 196
1711050203215 907.6616516113281 197
1711050203254 929.2174072265625 198
1711050203297 898.3970336914062 199
1711050203334 891.8614196777344 200
1711050203372 934.9417724609375 201
1711050203410 911.6476135253906 202
1711050203446 896.4698181152344 203
1711050203483 875.2447204589844 204
1711050203524 846.5938415527344 205
1711050203562 843.6235046386719 206
1711050203600 843.7691955566406 207
1711050203638 848.4387817382812 208
1711050203677 890.1217956542969 209
1711050203716 830.2381896972656 210
1711050203756 861.4292907714844 211
1711050203793 838.7348022460938 212
1711050203832 846.00830078125 213
1711050203876 813.3880310058594 214
1711050203914 820.2655334472656 215
1711050203951 830.8663024902344 216
1711050203993 853.3967590332031 217
1711050204031 840.6486511230469 218
1711050204068 786.7127380371094 219
1711050204106 841.1537170410156 220
1711050204145 782.1953125 221
1711050204182 795.9637756347656 222
1711050204221 826.3523559570312 223
1711050204259 817.330078125 224
1711050204299 780.9698486328125 225
1711050204337 780.5923156738281 226
1711050204376 766.7400207519531 227
1711050204414 792.3362426757812 228
1711050204452 791.1009826660156 229
1711050204491 815.3902893066406 230
1711050204528 793.7731628417969 231
1711050204566 744.9815063476562 232
1711050204603 711.4889526367188 233
1711050204644 706.7681274414062 234
1711050204682 758.1268005371094 235
1711050204720 737.5943298339844 236
1711050204760 744.3693542480469 237
1711050204796 748.7321166992188 238
1711050204833 705.0790405273438 239
1711050204876 727.7884216308594 240
1711050204914 721.7799072265625 241
1711050204952 704.3085021972656 242
1711050204992 693.1892395019531 243
1711050205032 688.21826171875 244
1711050205070 697.6723022460938 245
1711050205108 680.4783325195312 246
1711050205145 671.7397766113281 247
1711050205185 662.1964111328125 248
1711050205220 671.7574157714844 249
1711050205261 702.5385437011719 250
1711050205312 666.2550048828125 251
1711050205349 634.8405456542969 252
1711050205388 659.730712890625 253
1711050205426 667.2803955078125 254
1711050205462 644.0104064941406 255
1711050205500 621.5062561035156 256
1711050205541 664.9257202148438 257
1711050205579 627.5840454101562 258
1711050205616 622.7077331542969 259
1711050205656 642.1902160644531 260
1711050205694 667.4231567382812 261
1711050205733 614.0890808105469 262
1711050205771 599.5189208984375 263
1711050205810 595.2530212402344 264
1711050205848 609.0328674316406 265
1711050205889 603.55712890625 266
1711050205926 609.82373046875 267
1711050205964 583.8631896972656 268
1711050206003 553.5496826171875 269
1711050206042 569.0840759277344 270
1711050206078 587.3348083496094 271
1711050206115 571.232666015625 272
1711050206152 567.0830383300781 273
1711050206193 567.2997436523438 274
1711050206231 574.7186889648438 275
1711050206269 541.6520843505859 276
1711050206310 549.999267578125 277
1711050206346 569.9906616210938 278
1711050206383 555.8070068359375 279
1711050206424 536.0667114257812 280
1711050206461 520.1011657714844 281
1711050206500 520.2761840820312 282
1711050206534 532.3499450683594 283
1711050206574 497.91539001464844 284
1711050206611 500.36627197265625 285
1711050206650 509.7994842529297 286
1711050206689 493.0416564941406 287
1711050206726 498.4288330078125 288
1711050206764 488.44252014160156 289
1711050206803 466.8711395263672 290
1711050206881 499.286376953125 291
1711050206945 514.4017486572266 292
1711050206999 471.94740295410156 293
1711050207040 450.8481750488281 294
1711050207077 486.10731506347656 295
1711050207115 465.1972961425781 296
1711050207154 450.3440399169922 297
1711050207193 447.900146484375 298
1711050207230 457.8142547607422 299
1711050207267 441.62376403808594 300
1711050207309 439.2802734375 301
1711050207346 457.877685546875 302
1711050207384 442.25439453125 303
1711050207426 457.55711364746094 304
1711050207463 409.81419372558594 305
1711050207501 460.9422607421875 306
1711050207541 412.2508239746094 307
1711050207578 421.5039825439453 308
1711050207615 413.77293395996094 309
1711050207655 435.1953582763672 310
1711050207696 391.3506164550781 311
1711050207739 402.4891815185547 312
1711050207777 414.513916015625 313
1711050207816 391.12257385253906 314
1711050207859 427.156005859375 315
1711050207895 384.12481689453125 316
1711050207933 402.9067840576172 317
1711050207972 377.464599609375 318
1711050208011 377.7107849121094 319
1711050208050 382.04795837402344 320
1711050208090 347.0328674316406 321
1711050208129 361.5144500732422 322
1711050208164 350.4761047363281 323
1711050208201 348.92218017578125 324
1711050208243 360.68157958984375 325
1711050208280 358.3073425292969 326
1711050208320 350.8820495605469 327
1711050208359 343.4932556152344 328
1711050208397 367.10264587402344 329
1711050208435 348.3459777832031 330
1711050208474 342.28001403808594 331
1711050208510 333.4812774658203 332
1711050208547 315.49375915527344 333
1711050208584 320.18328857421875 334
1711050208625 317.02110290527344 335
1711050208663 312.21630859375 336
1711050208701 335.18653869628906 337
1711050208740 293.4929656982422 338
1711050208776 314.63983154296875 339
1711050208814 292.8541564941406 340
1711050208853 302.327392578125 341
1711050208897 292.92811584472656 342
1711050208935 291.4163818359375 343
1711050208972 317.4740753173828 344
1711050209011 311.4246520996094 345
1711050209049 274.1976623535156 346
1711050209087 297.0223388671875 347
1711050209126 285.0580596923828 348
1711050209162 283.2987823486328 349
1711050209199 288.5497131347656 350
1711050209237 277.03607177734375 351
1711050209277 263.83036041259766 352
1711050209315 287.0785369873047 353
1711050209356 269.8337860107422 354
1711050209393 260.1473388671875 355
1711050209431 252.40164184570312 356
1711050209471 280.28465270996094 357
1711050209510 268.6573028564453 358
1711050209545 265.6877746582031 359
1711050209582 261.8817596435547 360
1711050209623 261.92640686035156 361
1711050209661 249.55307006835938 362
1711050209699 233.09430694580078 363
1711050209736 232.53038024902344 364
1711050209773 247.96932220458984 365
1711050209809 240.72434997558594 366
1711050209847 238.73007202148438 367
1711050209888 250.81934356689453 368
1711050209929 250.76610565185547 369
1711050209967 213.4595718383789 370
1711050210006 224.60308074951172 371
1711050210044 220.54473114013672 372
1711050210081 229.56365203857422 373
1711050210120 221.6573486328125 374
1711050210160 229.9439239501953 375
1711050210197 225.74541473388672 376
1711050210234 223.43563079833984 377
1711050210273 203.6085433959961 378
1711050210313 228.59646606445312 379
1711050210355 215.03330993652344 380
1711050210393 209.6069793701172 381
1711050210432 199.4674072265625 382
1711050210471 206.57892608642578 383
1711050210508 195.00106048583984 384
1711050210547 203.86253356933594 385
1711050210585 214.67881774902344 386
1711050210623 210.31329345703125 387
1711050210662 202.32125091552734 388
1711050210698 208.75013732910156 389
1711050210737 194.51221466064453 390
1711050210776 193.4126968383789 391
1711050210813 193.0177764892578 392
1711050210851 199.09642791748047 393
1711050210892 187.3616485595703 394
1711050210930 179.71168518066406 395
1711050210966 191.6505584716797 396
1711050211006 185.49674224853516 397
1711050211044 171.68495178222656 398
1711050211084 169.6623764038086 399
1711050211120 169.9650421142578 400
1711050211160 189.28833770751953 401
1711050211197 172.98346710205078 402
1711050211236 173.36339569091797 403
1711050211275 173.26201629638672 404
1711050211312 163.86429595947266 405
1711050211354 177.13937377929688 406
1711050211394 172.55879974365234 407
1711050211432 176.51946258544922 408
1711050211470 153.20808792114258 409
1711050211509 158.94219207763672 410
1711050211550 156.9838409423828 411
1711050211589 155.47727966308594 412
1711050211626 156.23169708251953 413
1711050211666 174.1187744140625 414
1711050211705 166.87078857421875 415
1711050211744 159.61612701416016 416
1711050211781 157.44236755371094 417
1711050211819 150.5109634399414 418
1711050211857 148.7776107788086 419
1711050211899 148.2549591064453 420
1711050211940 163.9388656616211 421
1711050211979 164.21375274658203 422
1711050212015 138.85821533203125 423
1711050212055 153.94346618652344 424
1711050212094 153.42041778564453 425
1711050212131 153.95191955566406 426
1711050212171 156.6633758544922 427
1711050212209 149.39259338378906 428
1711050212244 134.4764175415039 429
1711050212282 140.78260803222656 430
1711050212320 135.00440979003906 431
1711050212365 151.55121994018555 432
1711050212405 143.112060546875 433
1711050212440 140.9239501953125 434
1711050212477 124.74366760253906 435
1711050212516 138.59619140625 436
1711050212554 138.71907424926758 437
1711050212592 121.6356430053711 438
1711050212631 131.3984832763672 439
1711050212670 125.05764770507812 440
1711050212708 123.79542541503906 441
1711050212745 133.54899215698242 442
1711050212784 138.20164489746094 443
1711050212823 129.65807723999023 444
1711050212861 135.74798202514648 445
1711050212896 129.48852920532227 446
1711050212974 120.24665451049805 447
1711050213039 127.7525520324707 448
1711050213097 113.82797241210938 449
1711050213137 114.45947265625 450
1711050213180 124.9510269165039 451
1711050213219 105.65511894226074 452
1711050213257 126.92415618896484 453
1711050213293 118.16633224487305 454
1711050213330 125.45092391967773 455
1711050213370 117.64509201049805 456
1711050213409 116.63626480102539 457
1711050213446 125.1476058959961 458
1711050213484 117.98572158813477 459
1711050213523 117.51880645751953 460
1711050213561 107.78173065185547 461
1711050213597 109.00250244140625 462
1711050213634 123.2491455078125 463
1711050213674 108.86589813232422 464
1711050213733 110.75650787353516 465
1711050213813 106.9041976928711 466
1711050213887 102.26072311401367 467
1711050213965 118.21003341674805 468
1711050214024 116.2428092956543 469
1711050214063 98.29738235473633 470
1711050214104 98.91797637939453 471
1711050214144 100.82436752319336 472
1711050214183 107.4743537902832 473
1711050214224 108.75536727905273 474
1711050214266 98.63343048095703 475
1711050214306 95.87495422363281 476
1711050214344 103.07247161865234 477
1711050214387 94.32512664794922 478
1711050214425 103.36094665527344 479
1711050214461 97.84738540649414 480
1711050214498 100.4549560546875 481
1711050214537 97.45724487304688 482
1711050214576 101.74802780151367 483
1711050214614 93.7485580444336 484
1711050214650 95.07802200317383 485
1711050214691 106.57098770141602 486
1711050214730 87.66476440429688 487
1711050214768 102.3889045715332 488
1711050214806 95.91643142700195 489
1711050214841 98.80570983886719 490
1711050214879 90.79822158813477 491
1711050214917 93.29787826538086 492
1711050214962 93.42807388305664 493
1711050215001 97.74556732177734 494
1711050215039 97.90787124633789 495
1711050215077 96.19985580444336 496
1711050215114 94.28796005249023 497
1711050215158 87.70723724365234 498
1711050215194 94.60020446777344 499
